1 6.54276717127
1 6.10644496787
1 7.29611781969
1 6.52420739468
1 7.23963998692
1 6.57091955668
1 8.63355731224
1 8.26896445478
1 6.59251803518
1 6.61296926864
1 7.08873460544
2 7.70776216154
3 6.66106320092
4 7.55737115224
5 6.2344907172
6 6.92393796477
7 5.42985329853
8 6.27956378258
9 6.94387046599
10 6.19225845781
10 6.79572847615
10 7.2388070433
10 6.80243714595
10 5.82908246924
10 6.19106334221
10 6.67910299855
10 6.3667005024
10 6.42012330817
10 6.69572445548
10 6.58391753796
11 6.9368180999
12 6.486119002
13 7.76243927091
14 7.60872929719
15 6.40654214964
16 6.47655838193
17 6.88620122314
18 5.33866156154
19 5.91642967685
20 5.88025954897
30 6.09167258974
31 5.19475409222
32 5.42156442229
33 6.25693768522
34 5.64774590363
35 6.09085443706
36 6.22999523407
37 5.05243831648
38 5.65697526342
39 5.53010870285
40 5.71314257303
41 5.651850374
42 4.81241539624
43 5.83976050313
44 4.91126427944
45 5.21589428706
46 5.61389903734
47 4.98351131176
48 5.33723864259
49 4.78289474668
50 4.68382778802
50 6.54841958923
50 4.73101515789
50 5.58658170805
50 4.72080596323
50 5.10786046536
50 4.9259269705
50 5.12964708075
50 5.21674409948
50 5.13387905589
50 4.83435252875
51 4.77040523644
52 4.8450462332
53 5.91394793644
54 5.05659698106
55 5.54321138432
56 5.29511240284
57 6.35704218801
58 4.70071454337
59 5.05565992252
60 5.21604676777
61 5.97906408706
62 5.37892849593
63 5.59270541711
64 5.2288098879
65 4.82850373517
66 5.00791055578
67 4.9418013897
68 5.0810933272
69 5.72365628237
70 4.65589690656
100 4.84652880074
100 4.57006206654
100 4.67270504932
100 4.68104975435
100 4.60628807169
100 4.5165738738
100 4.74860903171
100 4.98833853654
100 4.76183443885
100 4.82829991733
100 4.77586987422
100 5.07852636313
100 4.64893070609
100 4.63376483561
100 5.00410469548
100 4.49084496892
100 4.57789128427
100 4.61323248228
100 4.76784432589
100 4.91206035826
100 4.81140215275
100 4.86185262364
100 4.56022087227
100 4.45682997906
100 5.04735666052
100 5.00039179542
100 4.37769877348
100 4.44132892807
100 4.97850304255
100 4.88815738475
100 5.14402099697
100 5.47675234723
100 5.08688670756
100 5.61872872439
100 5.12927670812
100 5.42952948048
100 4.50395880853
100 5.12519057838
100 4.9393592638
100 4.34928360387
100 4.62352077783
100 4.65029760924
100 4.39816056942
100 4.8250035012
100 4.56139127513
100 4.91025097016
100 4.56670964501
100 4.49261126555
100 4.58314788959
100 4.68248877675
100 5.24374927102
100 5.20042104138
100 4.99343773662
100 4.40806297415
100 5.63649514763
100 4.77473882614
100 4.52754970047
100 4.64584711535
100 4.46963075011
100 4.61857325848
100 4.91607930022
100 4.46522924884
100 5.19160482708
100 5.00299892464
100 5.50614207393
100 4.56498065992
100 5.01763481816
100 4.42534754035
100 4.82590369841
100 4.76267116418
100 4.94289556259
100 5.04014419487
100 5.77766654924
100 4.4218376824
100 4.86490839521
100 4.92418192697
100 4.70012324514
100 5.00898848322
100 4.52789002716
100 4.58568389347
100 4.51279951048
100 4.73146406692
100 4.61713564556
100 4.49365866222
100 4.63270948765
100 4.69363582648
100 4.59451015772
100 4.85104002717
100 4.79745355485
100 5.44059040267
100 4.55858793652
100 4.19287927905
100 5.3120716376
100 4.97624559735
100 5.30723429362
100 4.25700551715
100 4.63275267608
100 4.43430024619
100 4.88471428516
100 4.87845943854
100 4.87524712403
100 4.71209678671
100 4.9904748768
100 4.83816142966
100 4.6612969608
100 4.94366276254
100 4.31124240644
100 5.0285659153
100 4.9503357727
100 4.74535017993
100 4.49608538421
100 5.2034686885
100 5.3430984073
100 4.76377964318
100 4.90347474548
100 4.66425049793
100 4.50951343174
100 4.72395772873
100 4.75475544491
100 4.80758268243
100 4.77349665727
100 4.42838064587
100 4.47994914355
100 4.9773741416
100 4.46950886598
100 4.37731349216
100 4.26972061434
100 5.02489326697
100 4.60638967932
100 5.68024365676
100 4.9057459704
100 4.6283427179
100 5.10032839974
100 4.6951251921
100 4.85158464269
100 5.80029144836
100 4.36913628735
100 4.67885620352
100 4.70644835132
100 4.66100420685
100 4.7289592241
100 5.39490641709
100 4.88392468236
100 4.41121810926
100 4.48359782024
100 4.82464356639
100 4.62423923451
101 4.59356429595
101 4.54996980515
102 4.09482814389
102 4.53213415435
103 4.52268119889
103 5.12335212786
104 4.78277404693
104 5.18159629882
105 4.67653432025
105 4.2531059174
106 4.68397669826
106 4.80353181406
107 4.59611379902
107 4.55738231731
108 4.84509667339
108 4.49836465739
109 4.65358975881
109 4.73164732081
110 4.95715632171
110 4.74340719545
111 5.50372814813
111 4.88443638794
112 4.88227633923
112 4.54841909747
113 4.73531489569
113 4.78095307473
114 4.40191895742
114 4.81532066454
115 4.48780649557
115 4.64394086754
116 4.45142384705
116 4.50021689801
117 4.89507297533
117 4.60248006426
118 5.12425664356
118 4.59362834962
119 4.57303042923
119 4.9049741091
120 4.82610326701
120 4.95361008726
121 4.43906334803
121 4.59565536991
122 4.89066365436
122 4.47653116882
123 4.67719664685
123 4.46842191021
124 4.63575607506
124 4.36253797299
125 4.29040438521
125 4.57237286094
126 4.76795508998
126 4.51535663239
127 4.81669093729
127 4.40891587913
128 4.42564590454
128 4.49031663694
129 4.79125730751
129 4.42279238894
130 4.42454226697
130 4.4946256628
200 4.3013596791
201 4.27026977345
202 4.42233386979
203 4.68129934758
204 4.31515541535
205 4.83407086021
206 4.15542698685
207 4.26405772048
208 4.31678543516
209 4.22578659336
210 4.14897036562
211 4.08983784475
212 4.29779999047
213 4.40549555642
214 4.47770889961
215 4.34083185759
216 4.32848163014
217 4.30086854092
218 4.62180760183
219 4.35013057654
220 4.26658087275
400 4.09762212171
400 4.01782161482
400 4.17923710747
400 4.11709070479
400 4.13706174696
400 4.17466268968
400 4.13402043387
400 4.04519978748
400 4.23773388456
400 4.1010108574
400 4.08677854773
401 3.99625055029
402 4.16920230114
403 4.17517960032
404 4.12319371831
405 4.08028701143
406 4.13707609809
407 4.23692287628
408 4.16130677872
409 4.01895940211
410 4.10736166332
1000 4.04308359905
1000 3.99104240079
1000 4.02256817339
1000 4.07393827991
1000 4.00434887932
1000 3.97503227964
1000 4.06741511503
1000 4.04856648394
1000 4.04291651787
1000 4.08624184195
1000 4.01612994127
1001 4.04828683093
1002 4.01834943079
1003 4.0492530627
1004 4.09511503826
1005 4.12668229891
