1 2.172778875
1 2.077528886
1 2.445383754
1 2.293247915
1 2.581902749
1 2.235686471
1 2.897352766
1 2.767206771
1 2.230428804
1 2.270738408
1 2.416961489
2 2.649528083
3 2.245518534
4 2.534014167
5 2.241491475
6 2.396609323
7 1.893066817
8 2.209744949
9 2.464151031
10 2.102587457
10 2.510141445
10 2.480127474
10 2.334945726
10 2.082317013
10 2.342150172
10 2.267769359
10 2.201381851
10 2.203056025
10 2.420118417
10 2.178135109
11 2.358348529
12 2.34660508
13 2.634387592
14 2.466346574
15 2.245224618
16 2.172458304
17 2.329888581
18 1.880611685
19 1.979815595
20 2.04812398
30 2.058822857
31 1.801310708
32 1.905044703
33 2.099446163
34 1.899946664
35 2.06072356
36 2.128927453
37 1.769074841
38 1.945995873
39 1.890102076
40 1.889446537
41 1.866612353
42 1.774313414
43 1.952954992
44 1.696751021
45 1.785341153
46 1.855758677
47 1.78736105
48 1.826123233
49 1.675793309
50 1.59911244
50 2.163015072
50 1.592557836
50 1.95790307
50 1.699871501
50 1.746726502
50 1.687949864
50 1.738341684
50 1.834862102
50 1.852789899
50 1.627455459
51 1.67568442
52 1.704910078
53 2.061453751
54 1.691756938
55 1.864079562
56 1.817941651
57 2.121564431
58 1.601298494
59 1.641867476
60 1.766174034
61 2.016205701
62 1.888590858
63 1.81226809
64 1.742397321
65 1.631714149
66 1.784352303
67 1.6300144
68 1.760523868
69 1.886232125
70 1.584781789
100 1.614128768
100 1.604356062
100 1.611958989
100 1.671882597
100 1.587167069
100 1.556417954
100 1.598279744
100 1.708172038
100 1.576380405
100 1.652482665
100 1.634736846
100 1.783397293
100 1.612668964
100 1.532108904
100 1.67958783
100 1.612176428
100 1.649857551
100 1.52997366
100 1.595580569
100 1.683326618
100 1.650935485
100 1.721706537
100 1.561141799
100 1.54489771
100 1.658066692
100 1.663058459
100 1.533950271
100 1.582214375
100 1.740378416
100 1.652375991
100 1.751797724
100 1.925778436
100 1.686953678
100 1.897105583
100 1.718628636
100 1.827061357
100 1.532161822
100 1.821904949
100 1.814426895
100 1.483327396
100 1.551868916
100 1.625266238
100 1.562188594
100 1.614878199
100 1.599198264
100 1.657600261
100 1.613868839
100 1.524489971
100 1.550792522
100 1.605990408
100 1.715226948
100 1.74108274
100 1.709622432
100 1.5027199
100 1.883272119
100 1.6130949
100 1.53549883
100 1.605709187
100 1.487958988
100 1.550989056
100 1.652931713
100 1.534883052
100 1.724108946
100 1.731672726
100 1.940434022
100 1.564061707
100 1.704913474
100 1.562950602
100 1.660563742
100 1.603984825
100 1.705469901
100 1.683055195
100 1.950942441
100 1.519424346
100 1.643388097
100 1.672015937
100 1.647231294
100 1.619264522
100 1.528038875
100 1.581281726
100 1.543943802
100 1.595988886
100 1.54885271
100 1.52595255
100 1.574621943
100 1.656175551
100 1.568815323
100 1.622471255
100 1.606631264
100 1.903299702
100 1.574014464
100 1.455808881
100 1.802517487
100 1.704833978
100 1.756525878
100 1.425617183
100 1.551304615
100 1.499909681
100 1.714030983
100 1.588254674
100 1.627231794
100 1.624940318
100 1.64625071
100 1.627142213
100 1.571485538
100 1.722545455
100 1.521372123
100 1.686729725
100 1.77490425
100 1.572602884
100 1.55485903
100 1.75667217
100 1.772064994
100 1.583004372
100 1.660561398
100 1.580551419
100 1.513245132
100 1.661689339
100 1.604164558
100 1.621460378
100 1.607675014
100 1.570502491
100 1.537965662
100 1.661096495
100 1.562296904
100 1.53880999
100 1.509795114
100 1.656242639
100 1.587386709
100 1.972465384
100 1.694282078
100 1.641454782
100 1.815865942
100 1.57790848
100 1.662316829
100 1.928748518
100 1.539536883
100 1.602767311
100 1.571129944
100 1.590387849
100 1.591331791
100 1.816613428
100 1.679031992
100 1.628423785
100 1.524423549
100 1.608446845
100 1.623729132
101 1.579206552
101 1.560080525
102 1.389838758
102 1.624136577
103 1.542020706
103 1.638693068
104 1.655692233
104 1.823185468
105 1.605964835
105 1.448293316
106 1.607923545
106 1.579148372
107 1.596481678
107 1.538833715
108 1.575118334
108 1.519869892
109 1.6020413
109 1.679558709
110 1.631831182
110 1.599414247
111 1.844110332
111 1.654354675
112 1.662283527
112 1.560295533
113 1.657518228
113 1.656178917
114 1.522805707
114 1.653736497
115 1.510783222
115 1.597388333
116 1.447322635
116 1.6264232
117 1.650367874
117 1.548995593
118 1.711433053
118 1.56762947
119 1.662249606
119 1.671317109
120 1.628654018
120 1.614417055
121 1.584342779
121 1.57874796
122 1.679499076
122 1.51546568
123 1.566291615
123 1.511701872
124 1.676497628
124 1.47991764
125 1.454743215
125 1.577626475
126 1.638561504
126 1.517385184
127 1.571485539
127 1.485240421
128 1.451224587
128 1.572359804
129 1.586881551
129 1.606238878
130 1.473050587
130 1.532910171
200 1.43527631
201 1.417906509
202 1.481955413
203 1.533020657
204 1.473943344
205 1.589742582
206 1.435378909
207 1.444392334
208 1.419133711
209 1.437918146
210 1.394566344
211 1.359276952
212 1.419338432
213 1.44681509
214 1.508384456
215 1.407598207
216 1.441165049
217 1.413680849
218 1.508679873
219 1.488764028
220 1.483529534
400 1.369359698
400 1.319397008
400 1.378548279
400 1.354526172
400 1.367831962
400 1.36620015
400 1.365214773
400 1.33057005
400 1.378693163
400 1.374445655
400 1.341897357
401 1.345875921
402 1.406408339
403 1.373451799
404 1.362694229
405 1.326180161
406 1.363717967
407 1.392187944
408 1.382920672
409 1.366279123
410 1.365179955
1000 1.293240905
1000 1.299319389
1000 1.318062779
1000 1.319328771
1000 1.289471721
1000 1.283924671
1000 1.343006868
1000 1.328608166
1000 1.317940396
1000 1.319870627
1000 1.285948866
1001 1.316029877
1002 1.296520744
1003 1.320745968
1004 1.321903534
1005 1.335576431
