1 8.84317047793
1 7.7138516804
1 14.6683558978
1 11.6488815054
1 16.5846619149
1 7.6100256473
1 16.3793521984
1 13.4063685873
1 8.36910462916
1 14.9432194214
1 23.7427241208
2 18.5884082186
3 8.41335099802
4 9.33253121881
5 10.1792651885
6 10.1902770884
7 5.65075132103
8 16.7109060846
9 9.72448605099
10 16.2911720284
10 17.1299758631
10 12.3575820979
10 8.76497192663
10 6.01327381122
10 11.6257798291
10 12.5815835141
10 9.16711344085
10 7.87963329261
10 8.31003536732
10 11.8578818648
11 12.6672232921
12 9.51347135627
13 17.0099191536
14 7.23714218499
15 7.96824377746
16 14.2427519499
17 8.44259495568
18 8.54681675776
19 8.30970310294
20 12.543202263
30 9.82797396723
31 10.7898300032
32 9.3734300178
33 8.05116063059
34 8.90986600629
35 9.02440038932
36 9.59726826673
37 4.69859621245
38 12.3390108983
39 7.61535449535
40 5.69238387518
41 7.58742150258
42 7.84095700655
43 9.06170108346
44 5.37144336675
45 6.89543361502
46 8.90867859255
47 7.87711872278
48 7.01884355921
49 5.34334776172
50 7.39566234327
50 10.3715131296
50 5.3607819466
50 9.30676088144
50 9.81897898281
50 8.70343498779
50 8.6981441866
50 5.5656925816
50 11.6157672507
50 7.73940862939
50 4.53978355803
51 7.83146182599
52 6.02760575473
53 9.21106712745
54 8.99974080705
55 6.07459370859
56 5.61711560275
57 5.42243324031
58 5.7703602283
59 5.34880941685
60 6.42835009042
61 13.4543975495
62 10.1827067166
63 9.91243202893
64 14.4438497854
65 11.1672383746
66 9.47062074997
67 4.83390182663
68 7.46814693048
69 8.99605187276
70 5.21017961457
100 9.49147122514
100 7.76608420784
100 6.8652924531
100 6.43479469557
100 4.57800343771
100 5.04332928378
100 4.70637828251
100 7.15796499875
100 3.80405421832
100 6.85903277017
100 5.18081228247
100 7.22739088433
100 12.4787603807
100 5.50066209304
100 5.98700703889
100 6.84039172558
100 6.64148044961
100 12.0387221416
100 6.55113213076
100 5.64359321744
100 6.75309048558
100 8.85119428573
100 6.75213115193
100 6.66420905248
100 5.20987382954
100 7.19639388984
100 4.70315026031
100 9.08935668863
100 7.62859184782
100 7.54498213017
100 5.76378844849
100 5.69527250204
100 5.14151433299
100 11.6864827734
100 9.14530187406
100 6.63774352429
100 4.57756956685
100 9.6177302898
100 7.46858085622
100 5.34941700094
100 6.82238378896
100 8.15934090549
100 4.37206935022
100 7.33200512297
100 4.04947393639
100 6.53472603982
100 5.95552031949
100 8.67965611875
100 4.89314693234
100 6.22947283947
100 5.98735623408
100 5.25579209138
100 5.398123811
100 3.56168730841
100 7.10188057652
100 4.93329817451
100 8.0338447009
100 4.39514094649
100 4.1114308683
100 2.90939883208
100 5.25129315459
100 5.67314820635
100 8.52388472844
100 5.40080810937
100 15.9781130676
100 7.12343350613
100 6.52035417985
100 8.84593470047
100 6.34531727772
100 8.53446016149
100 13.0316273606
100 9.58452072854
100 4.96671195756
100 6.79465868783
100 6.13042634138
100 7.39684004809
100 8.30787954197
100 6.63281045092
100 6.29937854322
100 12.3990598069
100 5.25853231882
100 6.35115082864
100 4.68946732613
100 6.4810724257
100 8.87152602839
100 6.06476366949
100 4.78147007508
100 8.25007761899
100 7.75987739137
100 9.32830898443
100 3.40408004295
100 7.86536718119
100 7.5100393887
100 5.59168757547
100 12.3960072238
100 6.31497127376
100 4.45178895899
100 6.14727998645
100 12.8394991381
100 5.10731055779
100 3.90711428605
100 5.9118532798
100 4.23016359524
100 5.09275933865
100 6.33269175654
100 7.82891199947
100 6.80595350495
100 10.3962422498
100 17.3169512339
100 4.7718526372
100 6.84645541402
100 6.8109713486
100 7.05366845284
100 8.29107234956
100 5.1889834485
100 12.1288403569
100 6.29417395748
100 6.56185376581
100 4.78523184856
100 6.61682243654
100 5.36626251943
100 7.43483545247
100 6.03004317689
100 8.0607462639
100 8.30113497096
100 5.00786075639
100 5.40210126937
100 5.67823871066
100 5.98038492614
100 5.69884367453
100 14.1127274808
100 7.31289135037
100 6.47670941165
100 5.75083182503
100 6.83690105067
100 9.14176068599
100 5.6016005857
100 5.48097560468
100 7.02397635161
100 6.54912846679
100 7.33730533301
100 10.7364461475
100 12.0131911025
100 6.46530344592
100 6.09970574512
100 4.0645799996
100 7.44741289552
101 7.52675333114
101 10.5101314815
102 4.37578078374
102 5.41792192006
103 6.78508571158
103 4.47334633129
104 6.83935517927
104 9.62589451443
105 4.06443042727
105 4.46575451163
106 4.75905767556
106 4.59786176513
107 5.29122903205
107 4.15288316886
108 5.22890182008
108 7.31825782385
109 14.0661720895
109 7.97076425648
110 5.37043699073
110 6.19309876766
111 9.64219341413
111 6.75700110938
112 9.31408321826
112 7.12608396909
113 8.33203406492
113 11.5774116429
114 5.37922130028
114 7.31666459972
115 5.21143001537
115 6.34540646751
116 5.12798710793
116 7.0480280382
117 4.09799998778
117 9.04371119667
118 6.06866589884
118 6.90845009123
119 7.1627549042
119 5.44080092189
120 4.38327363696
120 4.01260210966
121 8.04862241366
121 6.9477053236
200 6.30611618926
201 6.47536768908
202 6.83822251508
203 4.6510950824
204 5.34621376445
205 3.90288801921
206 6.30036772083
207 4.77620623686
208 5.03845127641
209 4.03102083705
210 3.19647656716
211 4.88371899493
400 3.51911541999
400 5.10712682848
400 4.87635039687
401 3.21104192257
402 4.34900866225
403 5.51364370451
404 5.6960385732
405 3.20859707695
1000 4.29496965342
1001 3.56794461691
