255.537679942
221.411817645
222.519531377
193.043638342
190.689136557
217.056198238
225.983718065
213.856636944
180.353778741
253.205583297
267.224992606
189.43081357
187.219236118
188.184388912
208.283841709
245.625505751
251.916971186
232.173115033
209.09960441
199.126474351
204.572772732
179.526380134
188.309367978
209.820145086
197.21811779
207.386586788
199.329380982
172.726462065
248.559548534
215.733387256
209.59447422
213.138552593
242.439103455
230.508568646
200.283381842
202.231837584
184.718188554
201.009401152
178.149624161
197.501405914
213.977686471
202.008478334
196.794943886
223.685305941
239.519142473
211.279663981
207.626545709
209.778061252
221.078558736
174.789839611
175.791326864
182.7009686
185.236325824
197.707967139
217.89366281
223.6150449
217.830633926
212.47291028
217.142503954
213.174619665
257.237906759
228.119638192
250.215637176
222.749442075
224.13273842
222.811908748
234.393851451
228.801911747
244.183930709
242.586197793
226.450803551
219.46952358
292.017910357
233.798266148
228.117185888
286.905321821
230.567349629
224.99249346
266.304163101
219.322033239
255.008860642
237.410517023
233.328119669
228.260485895
221.466216685
264.177014611
230.757379243
224.634398563
215.76620341
219.214915328
265.838899614
212.87700126
245.498110805
226.276273639
222.843863276
227.897306445
214.103534067
232.265789517
245.464548686
221.077692232
218.484694695
214.070237204
221.858164414
220.822267739
225.721291697
284.026370758
229.43268773
239.022883339
246.180594387
262.376845807
240.544918436
224.586404098
219.736786357
223.309325568
230.897021227
257.705668017
243.255678192
246.316183322
239.915643621
221.635647784
231.914127411
236.732023071
219.317379289
233.978172455
234.237903324
237.57285701
221.351439948
219.281531092
228.115643103
226.991138355
237.125083118
222.611723268
222.366892968
232.85873808
228.431550472
230.802079696
234.602437301
244.485348381
268.200973243
243.623746558
230.823674161
220.961158707
221.584831844
260.493607361
236.203879221
236.66552058
210.543328314
220.29887571
244.600331532
222.965500789
222.277866431
204.133467032
225.817995412
254.811341359
227.02564518
218.495763612
213.800270538
219.274021756
238.957851855
233.203134612
236.11107134
228.498679999
220.599795427
222.16098969
224.540466158
259.3070085
260.890528287
241.122665869
256.750242113
215.012779434
211.644825162
275.957201468
283.280182165
226.153171464
263.664171839
260.154433172
343.266031352
242.391639407
229.810008327
222.916494753
254.090860268
270.084426634
236.549266232
308.491386681
189.519182335
187.197278897
235.071259488
182.441324404
183.165824396
201.297133224
206.834983524
182.506568433
209.191261866
204.57271408
185.871440765
182.45300065
184.291630108
211.248266741
199.118942724
197.747643887
194.51255412
190.078079813
192.519034329
202.426110987
185.45566116
193.863976405
173.16819973
196.389184382
179.208512882
192.885773343
201.715241099
201.957197936
267.775471589
254.795318451
246.523195405
229.091104549
279.022727595
250.863354976
187.324694694
203.122144713
199.138860329
232.927349564
184.5947693
209.052511953
173.896062828
183.432835086
207.908065701
198.588267117
176.585575957
208.316157072
192.856679975
215.580331962
252.541125804
346.529160517
237.909314474
218.532932106
302.961931217
235.436726839
250.192047675
223.552171005
216.515310092
208.316206774
269.423641309
224.003610705
223.175356348
266.848724384
228.044919461
221.241705488
221.169556435
219.121293649
227.857750679
263.955507834
232.151593212
221.149464888
231.189123513
222.459867558
265.681522709
227.302045295
221.730804167
226.106305989
235.386743501
224.277965697
218.773153858
247.730871864
223.952939186
229.71248958
226.0671628
223.208148909
256.065395667
217.305471495
269.131101028
229.23800627
228.081865515
220.566405064
223.362716025
217.174591557
224.675924028
228.992337763
215.048217318
234.158962008
232.709429931
224.001615972
229.272863726
216.856375568
216.597490653
240.883575948
236.877064384
209.291977107
220.344869141
232.604497825
222.537792414
228.717892152
221.665669143
217.486700084
240.313470842
261.311816335
230.274063689
214.193421088
254.639781795
225.314488451
213.190134085
222.946829604
223.931706613
231.11183151
221.800718523
224.560550441
228.561441713
223.04948237
224.28751177
231.418141901
300.916450181
225.536363902
233.929965031
225.618406819
265.579959618
217.261544186
233.884915883
230.569940804
219.793388313
228.609529275
229.941471901
226.123050663
219.904702041
219.15968414
237.605130044
227.111623358
271.968678751
229.66040251
221.803533784
222.839010187
190.831451782
274.179956643
222.002598832
279.793718994
260.832542556
227.749006506
239.740457462
247.456626924
227.126626103
235.234804864
234.276916968
233.033754536
231.709841649
218.826298008
222.751682244
212.359512653
221.858599736
223.045722325
214.419614805
246.439304269
218.280077037
221.108328235
250.441925373
227.237896147
271.114056289
232.907443937
237.461453807
222.463344422
229.187256861
251.328258034
227.286113843
230.316051748
221.397737714
252.648108948
346.529160517
219.599157555
209.094118024
205.160473262
213.86500284
183.931833899
236.191686858
243.091279696
218.481114683
228.553658067
239.995143555
219.63144025
253.556128881
221.516033533
222.20083292
226.360680632
271.670852395
270.663061209
255.93434225
222.68162027
231.224919082
225.934673281
277.370511464
240.887471959
226.845759919
266.332388636
215.932798303
233.390365894
233.299949146
230.771564105
237.146442313
260.03508515
221.689492116
222.550732491
228.583359832
242.692673021
229.887945013
212.624545582
223.507803109
224.994929974
230.123280265
263.823374507
225.036264852
210.572500297
235.2046515
226.111674741
229.123807605
221.095591061
226.012248568
231.997128938
227.360040631
233.933719895
227.594528401
218.194115035
215.440459068
254.577315384
236.513251257
223.676350416
223.23332471
230.926216183
217.24068968
205.859704443
219.014846116
238.309875857
223.985100639
215.537917681
221.50613153
212.319178376
213.619056819
242.935783488
210.628208328
262.743755032
213.425390122
226.688006824
220.220856262
251.134861511
301.441543006
234.392594025
220.95376053
200.832367309
218.055473293
222.802334049
235.600657781
229.322773771
286.381741989
234.348526383
223.741646476
285.864718803
238.127195929
219.045393997
213.311843572
229.241208824
217.820808467
230.114522702
223.078432776
240.082756062
220.399662433
220.413206305
257.77993608
249.284698011
222.567163881
225.07939913
273.480799086
227.60022159
225.916595821
223.924970023
287.691103669
223.024134567
219.200425906
222.501304925
219.119948966
217.585429148
232.151535501
262.118431157
217.782777249
215.466447355
225.059366137
201.421442258
240.910749336
250.415042136
251.194214484
249.68445487
215.732475218
288.750859485
232.75226517
214.630661358
219.987623704
234.2627345
222.523032944
234.022092258
230.12259806
218.092518361
250.290113422
211.840371994
227.713436179
267.50522628
258.823136234
338.231187064
308.012508067
211.752441087
220.41404581
235.266526294
220.938236359
216.511056635
289.448800417
211.400571543
218.972735553
217.32260363
213.505120287
248.69722961
211.219388048
198.299427549
213.76574348
227.45002424
217.878117258
233.859904915
261.508850081
228.050136998
211.794695997
208.629378902
220.387219235
225.25766818
265.980921645
299.253880728
286.061080912
226.888758738
232.905705173
258.650261826
236.314340334
229.191776929
246.094613472
261.712462573
215.887341639
187.861447479
255.049559491
336.7870057
239.152567726
241.290168133
240.428129935
284.501122603
233.931148658
265.013930152
306.625215649
285.390062882
235.371817149
302.338707655
264.202856011
342.303794973
235.053615214
219.327515775
220.349035885
220.097232456
214.910023486
220.72857212
221.281249968
262.500154245
223.349546833
227.532193232
251.989937967
222.070024021
214.237132241
220.804410545
283.804157205
232.104976629
220.546761287
219.034597878
234.689806905
216.705213394
229.639239285
236.307482517
207.256150114
281.770958864
238.418269764
232.454455183
222.37749554
220.702192559
227.124797209
220.365156846
215.273500146
224.933782692
226.723091651
213.850519692
244.507516348
288.280550652
218.971894578
234.954291512
234.968154979
232.364181748
216.192658551
220.664877929
219.951742588
222.353576298
223.167622499
199.47115595
232.736605705
230.473739428
227.195198841
223.382694553
227.760100405
207.500618409
216.277763767
226.864484286
213.838275517
214.679462156
217.505367935
258.411989435
240.281548161
200.526355499
213.008929991
233.486951961
230.867772199
246.052696977
254.744038011
209.7634585
245.203646757
223.714564189
221.11774289
198.148654482
231.378258892
252.210327417
217.38010007
225.384581793
277.38344625
222.340067099
214.895774614
215.305842091
220.42306397
213.8754306
255.570870442
205.048316457
273.125863504
245.107976172
219.895135019
211.317138441
224.815356309
220.257436906
218.569118361
222.835548914
223.024872036
285.23234801
221.291088002
239.163101588
238.431508731
233.497471263
297.126470986
221.614151309
208.682599265
246.696201497
219.955412923
233.779006285
216.938540722
267.799992898
221.540093464
209.802196941
217.526212524
225.604363372
259.160146231
233.472826187
226.584320529
261.125437677
258.503019642
276.875339563
222.221149957
231.546220914
267.978897067
233.259514788
265.29582832
249.888779185
235.407686815
254.060767312
223.157895428
246.782085031
326.621563687
290.782956759
232.192868309
306.777028025
194.036107049
272.868072547
192.460805992
194.786868592
208.160707469
187.105777077
183.528971478
197.858947323
222.621340362
185.876964465
186.934271005
193.774910788
196.233508906
186.232462155
178.637175644
192.628309253
326.621563687
234.07456408
184.235113789
187.076917345
240.051126569
204.522266743
248.775978863
185.62010159
242.99568283
183.658575047
194.265638308
233.668754435
196.215526595
209.315150764
326.621563687
232.97471258
214.295687275
183.663407016
218.106041631
278.830130429
325.266039896
194.164363053
196.886327116
179.128955848
216.620917799
190.303616841
178.374341031
194.312590843
180.085641632
194.003407678
227.389092571
186.082794423
204.917331125
175.124573775
206.61935695
183.510676142
183.067742858
240.851801984
184.641290329
199.861328646
201.849534451
190.154956312
201.098469469
192.140940581
196.380552815
187.179315594
201.735458931
193.289975327
186.219213124
212.778003589
185.108428138
177.223089716
192.622070039
183.45944062
192.260982879
175.72263002
184.173045098
208.979772234
192.356755135
199.697427595
186.060192382
184.211547772
188.444468768
197.288267706
234.771867185
345.787001428
201.268621169
243.923639211
275.102642952
197.478891308
263.564447549
235.967895744
223.107157603
244.044262782
206.58287564
250.496572601
247.352749633
211.389062956
197.043265092
196.517506136
226.143494476
184.312339493
211.299272077
211.179727812
206.053515853
218.291090742
194.502332856
206.4559509
275.578225143
267.862465917
212.992091088
208.369868339
190.145924439
196.313081922
223.833499511
231.461040011
252.025481554
211.465616308
211.392030857
302.161221536
237.167933587
184.100906865
256.130952761
218.971873756
209.663815628
232.624033338
194.500052988
237.888891684
303.842153632
197.972269713
182.473156934
214.707246102
289.749357662
221.92872857
194.160521174
256.88103932
181.463858733
183.545987186
248.769779133
194.580354758
283.70254676
206.575993689
216.821073556
196.700684591
200.597200142
288.480438239
183.707897716
235.115446073
200.439459281
225.975376686
259.46320635
261.590814451
204.412266145
238.434591314
222.902578193
249.833460681
215.084837366
180.934915544
258.286396437
193.863913707
183.007930195
226.326540895
217.463283087
200.272029199
238.644726334
190.860385081
204.855848629
193.720807135
212.934103466
245.396600908
267.104140281
240.142843494
201.402829102
183.482774373
206.467237725
322.961098859
204.324103203
178.659234376
257.447638047
201.394850699
190.168917134
202.22910679
181.565007396
193.20736724
190.767357671
205.364535193
185.486498066
240.335610419
211.783750767
205.364535193
194.478890733
188.576154184
191.231574243
220.684904111
220.757152728
205.364535193
226.325485765
203.512376299
193.27617402
203.479564647
264.197761611
264.323480277
282.10230057
337.529164789
195.099246683
220.947086458
189.57027008
192.931949708
180.747445526
240.513365784
211.322338105
195.495642408
188.940046055
183.736440205
211.399469443
201.714507019
201.279933063
200.3776146
198.713753047
208.055030053
191.782162314
186.571132448
194.447184772
193.286039716
205.98866589
191.861427236
211.24013037
282.28101482
337.529164789
178.888735043
199.64235953
222.59311607
183.961294773
201.888748955
248.196893683
204.044726333
236.665484545
217.938464723
209.454279313
202.393221221
262.44503408
209.793767216
189.102799414
205.784826603
212.291220308
205.812642087
224.487307149
204.807931816
221.32448737
200.941402953
174.297511024
194.892278095
213.101975947
199.57527047
233.102120965
192.417294298
209.921954261
195.010079067
220.347284623
178.509147267
169.400371612
196.097266846
187.139698904
188.296980306
190.600889359
196.533775221
202.494212845
