1 11.4886470498
1 10.3209003908
1 10.1417026145
1 9.19803442832
1 11.2560805141
1 14.3709443438
2 8.05752136912
2 11.4917175209
2 11.5019663076
2 11.3557291461
2 12.5278792751
2 10.5092615447
3 13.4502647039
3 14.5186872293
3 7.75871907006
3 6.32528020061
3 21.7669860141
3 14.59860482
4 10.1888834176
4 8.49902226305
4 7.93087446262
4 9.09732900437
4 11.714118822
4 12.0886772103
5 11.1139274344
5 14.3427047987
5 16.9565097412
5 11.2395747833
5 9.27228172724
5 12.693934096
6 10.6730479423
6 8.189192381
6 14.6325724023
6 11.6877580466
6 16.737857803
6 10.1130412213
7 11.6686185123
7 8.27859657009
7 13.1524563412
7 13.6022025629
7 15.2149133068
7 10.910892561
8 7.67503320872
8 12.4302849485
8 10.1406476111
8 12.3547135935
8 10.2254822482
8 11.9378763735
9 12.2253332344
9 9.95943181183
9 12.1155947434
9 10.8169773318
9 10.0656519216
9 13.0423343287
10 11.3145497765
10 10.4822612261
10 10.1950956473
10 10.3040039843
10 10.1153349402
10 10.2323169019
20 15.6951976472
20 12.0176018202
20 9.20158577047
20 7.90706930439
20 12.3698252583
20 11.1823869067
30 10.6330904245
30 13.9548746777
30 12.1989811463
30 11.3627211943
30 10.9371299248
30 7.09530183419
40 11.6259162994
40 11.4820357124
40 8.90946814033
40 11.7014163669
40 8.41551347057
40 4.06734253315
50 14.5536418491
50 6.66685191187
50 10.9571808654
50 10.4197423758
50 12.1670809005
50 8.83223622182
60 15.1705060715
60 9.31004236468
60 11.4961043828
60 5.20703565876
60 8.444927598
60 9.98883239719
70 10.5428558259
70 6.4036877235
70 9.74625674382
70 9.59794892424
70 6.27279141983
70 10.1699909621
80 15.3652649558
80 4.79281103487
80 5.91595754803
80 7.02799752543
80 10.9571054898
80 13.3601969537
90 10.0833636624
90 10.4370407005
90 10.1122263979
90 8.84698633907
90 13.1551310264
90 5.38362927085
100 10.4316149324
100 8.38031407161
100 10.4313990259
100 9.94440983127
100 8.56292240377
100 8.6519162428
200 10.9411830898
200 6.54850245735
200 11.0918983305
200 5.9540097231
200 11.8088631832
200 11.9292454802
300 5.51302955982
300 12.948321239
300 5.92684587773
300 11.2079734849
300 5.6871935214
300 5.6817938154
400 11.0594594683
400 4.71875000319
400 13.4496220947
400 3.04837945453
400 3.61134524401
400 9.98198650107
500 7.35730472677
500 10.4535540966
500 10.0197491826
500 7.60297742441
500 8.89929217425
500 6.40452400977
600 10.714494576
600 11.9265334904
600 9.37873281857
600 10.927513527
600 4.42492505107
600 8.1935145987
700 8.53009950912
700 3.68367110305
700 5.15107397758
700 11.9923203216
700 6.80337839212
700 8.59058704997
800 5.94346939887
800 2.96978464236
800 3.68675230565
800 3.26304261641
800 3.65908561538
800 6.09615028276
900 7.83798204251
900 9.67822959551
900 5.6897527158
900 6.93136187469
900 6.43699838793
900 10.5801920602
1000 4.89471454813
1000 4.54290375968
1000 3.69573989182
1000 3.82408517743
1000 11.0111242682
1000 3.12388795389
2000 10.2572562717
2000 9.59582256484
2000 10.4249057345
2000 6.1200423146
2000 5.74281741753
2000 3.96009271561
3000 5.49281177074
3000 11.3330502787
3000 5.10815406964
3000 8.09656390336
3000 3.03992307495
3000 3.08107536041
4000 5.41967619854
4000 10.9402417887
4000 10.6111142113
4000 9.84457365446
4000 3.47870329176
4000 5.40436881262
5000 2.8483194913
5000 9.91505651537
5000 7.58419177237
5000 3.91653198702
5000 4.83968803584
5000 8.97832978633
6000 5.15107397758
6000 10.1431222315
6000 5.09338478908
6000 7.16231741594
6000 3.85830494866
6000 3.12167191026
7000 11.3900835714
7000 3.13791727568
7000 10.3506972732
7000 3.13791727568
7000 2.28643655584
7000 9.94356332458
8000 6.18867119043
8000 3.8578296989
8000 9.85062746766
8000 2.47568305399
8000 10.0794638038
8000 6.70078218956
9000 2.80572178225
9000 9.15377513369
9000 7.99541184684
9000 10.9020452501
9000 10.9020452501
9000 3.80403704741
