300 12.1749919784
300 36.9426782682
300 19.1886408448
300 32.5979706631
300 27.9319449127
300 11.5269134067
600 29.443280914
600 21.0139760266
600 24.588120127
600 29.722111972
600 22.7224931609
600 28.1813404148
1000 34.116077512
1000 15.6370852107
1000 36.6865284032
1000 10.8786890481
1000 35.3093346185
1000 31.9520253192
2000 36.4547898557
2000 18.7091078751
2000 27.6112104299
2000 18.8543141825
2000 17.802063382
2000 42.0900196579
3000 10.1312963846
3000 28.1526680508
3000 23.8067900296
3000 26.3526626953
3000 19.4782006322
3000 16.1694970906
3000 20.8497530314
3000 15.9433345049
3000 35.7984202348
3000 22.0335424906
3000 13.7238794344
3000 22.0225304298
4000 34.0443163677
4000 19.308658734
4000 31.5264064496
4000 23.3065050961
4000 25.2880789945
4000 21.4820768323
4000 25.2790098143
4000 11.731383626
4000 23.7285328692
4000 28.0909618224
4000 10.3266237575
4000 31.3678660517
5000 21.9320261412
5000 11.3713562308
5000 24.0880641768
5000 28.3516594137
5000 11.3202723538
5000 10.4282024398
5000 9.79953567446
5000 24.9559417112
5000 27.830920272
5000 11.8491302278
5000 30.4695656805
5000 22.5683503238
6000 10.4525243791
6000 11.2727059072
6000 11.3555499453
6000 28.9947142623
6000 10.6122573446
6000 29.3097661476
6000 12.9955763521
6000 11.2125925163
6000 16.0335085836
6000 8.72309841854
6000 33.1869656248
6000 36.0151906425
7000 10.1717581678
7000 27.342070851
7000 13.7754815503
7000 29.9812061652
