300 20.7547045893
300 19.6154771371
300 19.5519450584
300 20.3485899319
3000 16.925315426
3000 16.0369316188
3000 16.2463281909
3000 16.694350367
4000 17.1988563413
4000 17.0800628706
4000 16.117973705
4000 16.0864860641
5000 16.2993703585
5000 16.8547244408
5000 16.0689697632
5000 15.6844300186
6000 16.1155732118
6000 16.5031095923
6000 16.2501776824
6000 16.32255277
7000 16.7859412613
7000 16.4640474193
7000 15.6281666213
7000 16.2735603225
8000 16.5593131579
8000 15.9343437829
8000 16.6746601745
8000 15.382937012
9000 16.0984267523
9000 15.8195899667
9000 15.937012668
9000 17.058017176
