300 4.39458356686
300 5.77608365109
300 4.44076869763
300 5.08206587044
300 4.35064144993
300 4.70349279156
300 4.42833159677
300 5.18445146853
300 4.19838695693
300 4.22522792429
300 5.07647766347
300 4.75292632283
300 4.26415138491
300 4.56806718044
3000 4.09206865768
3000 4.02176440983
3000 4.37642632277
3000 4.31832770291
3000 4.18252595272
3000 4.10057256069
3000 4.00256921962
3000 4.37990046854
3000 4.01864135312
3000 4.45892280873
3000 4.12404951267
3000 4.05621268667
3000 4.18611821072
3000 4.10678724698
4000 3.99157126437
4000 3.99002750061
4000 4.23924463417
4000 4.04788333829
4000 4.04280559634
4000 4.10923408212
4000 4.17745112841
4000 4.12383217298
4000 3.89851213817
4000 4.06266062768
4000 4.00818302538
4000 3.91123811989
4000 3.89645538077
4000 4.03041360772
5000 4.18261961583
5000 4.22352176968
5000 3.9791006871
5000 4.20926457351
5000 4.0816325422
5000 4.06472782605
5000 3.96637642818
5000 3.96293465429
5000 4.03548089827
5000 4.00135000484
5000 4.01675822295
5000 4.04849952252
5000 4.02324161325
5000 4.08674246499
6000 4.13306854197
6000 4.00164952813
6000 4.21786789502
6000 3.93880050442
6000 4.02142581798
6000 4.0886643407
6000 4.19173691742
6000 4.18069046687
6000 4.01109777318
6000 4.02411598063
6000 4.22407787142
6000 4.13939824224
6000 4.12814957508
6000 4.08541651678
7000 4.12493326164
7000 4.16135313213
7000 4.07613783509
7000 4.08944977918
7000 4.51110064914
7000 4.12733044484
7000 3.98132656676
7000 3.99018212499
7000 4.04779771257
7000 4.0963043694
7000 3.95881326533
7000 4.02641695472
7000 4.34134850309
7000 4.21194092948
8000 4.18433701377
8000 4.08474414718
8000 4.02732869217
8000 4.0327720558
8000 3.95247617719
8000 4.59216724605
8000 4.4840770203
8000 4.16420804404
8000 4.0208468892
8000 4.22012124563
8000 4.47089873875
8000 3.99657927826
8000 4.0657911452
8000 4.44027939243
9000 4.25818933477
9000 3.98395176681
9000 4.03631127879
9000 3.92388981647
9000 4.40818777835
9000 4.0381473308
9000 4.22850486555
9000 4.00322078368
9000 4.222521864
9000 3.99370104608
9000 4.70804348311
9000 4.43567685376
9000 4.02461788377
9000 4.08278396358
10000 4.11446822334
10000 4.0816273356
10000 4.19370492654
10000 4.18640497282
10000 4.20441623777
10000 3.93250542679
10000 4.27416571072
10000 4.23294297101
10000 3.92128632156
10000 4.18787487519
20000 4.1283442232
20000 4.39429885406
20000 4.0582171871
20000 3.90081889197
30000 4.16407554161
30000 4.14843837925
30000 3.992334112
30000 4.44506948656
10000 4.11446822334
10000 4.0816273356
10000 4.19370492654
10000 4.18640497282
10000 4.20441623777
10000 3.93250542679
10000 4.27416571072
10000 4.23294297101
10000 3.92128632156
10000 4.18787487519
