300 1.82704199836
300 4.53457673515
300 4.34133481563
300 3.45576460211
300 3.54712266831
300 2.25253459105
3000 1.70183100786
3000 1.54900851757
3000 1.12969933135
3000 1.26284952149
3000 1.48479990032
3000 1.44728137275
4000 1.76630010813
4000 1.9568702075
4000 1.54900851757
4000 0.971112719546
4000 1.4303404061
4000 1.97600090633
5000 1.5613376487
5000 1.80719056006
5000 1.4475897057
5000 1.5909944337
5000 1.83927513059
5000 1.65261257566
6000 1.47501070298
6000 1.92085745725
6000 2.50832652982
6000 1.50460797463
6000 1.99236647764
6000 1.4934735963
7000 1.69066821863
7000 2.6954391731
7000 1.42039599557
7000 1.59309384913
7000 1.37824948313
7000 1.24134217674
8000 2.02159440769
8000 1.67326639739
8000 1.70660553312
8000 1.36969660821
8000 1.52545229887
8000 1.35679028736
9000 1.75400148133
9000 1.77241084254
9000 1.70934793191
9000 1.31384079338
9000 1.15328784875
9000 2.23418922912
