300 13.4820737685
300 0.163465793143
300 11.6953758035
300 0.0135685172491
300 21.2500828268
300 0.160831035129
300 16.1629698935
300 0.120989827936
3000 18.412050392
3000 0.0944968004393
3000 13.6189666624
3000 0.0198384778323
3000 18.6591381771
3000 0.0350758501643
3000 13.0154466936
3000 0.0795355384094
4000 11.2062488034
4000 0.211070979107
4000 15.1626144057
4000 0.0226407635725
4000 18.7244695174
4000 0.245859786355
4000 14.1588264037
4000 0.158937328283
5000 22.5004639256
5000 0.168293309242
5000 18.3021205745
5000 0.155577190501
5000 19.4521439561
5000 0.078413346094
5000 15.3280341088
5000 0.173981518142
6000 20.0327553616
6000 0.078413346094
6000 26.5845940531
6000 0.218632962129
6000 13.52637274
6000 0.0464384309336
6000 20.5703675281
6000 0.14989737969
7000 21.1635259719
7000 0.0882312219602
7000 19.9075645377
7000 0.141721098143
7000 12.1673243181
7000 0.184880773497
7000 22.6764971118
7000 0.237478746182
8000 20.3678738724
8000 0.125441219095
8000 18.627579718
8000 0.20407537832
8000 20.9628014112
8000 0.159841762863
8000 14.3287564221
8000 0.184880773497
9000 16.4128609899
9000 0.0816114441596
9000 10.6441140466
9000 0.127357342234
9000 16.6934248264
9000 0.174203978808
9000 16.7144921762
9000 0.15934322209
