300 4.60044441418
300 4.39639021757
300 8.01415408515
300 5.80578929342
300 6.85454190929
300 3.14225102263
600 4.91754577119
600 6.39434980289
600 4.56398516599
600 4.72922336308
600 6.329019344
600 4.87869342785
1000 5.41068869532
1000 3.87559592937
1000 6.82278334408
1000 4.70847012856
1000 4.625643882
1000 4.40486795455
2000 5.71996911707
2000 6.89774466469
2000 5.63035223564
2000 6.41317134998
2000 7.78356492996
2000 4.785998888
3000 6.39914720063
3000 3.89251129787
3000 6.78099554905
3000 6.84634244777
3000 7.72090762102
3000 7.19902526777
3000 6.15043402433
3000 3.01895176886
3000 6.10667671341
3000 4.22611176114
3000 4.14102631707
3000 5.42181299996
4000 6.32715492548
4000 8.39511374857
4000 6.50817847684
4000 6.31992854668
4000 6.12209592622
4000 4.34586280193
4000 4.54769524376
4000 5.48316213923
4000 5.54588418011
4000 5.5579786488
4000 5.46216125999
4000 4.02174387429
5000 5.5830925659
5000 3.30798389658
5000 3.04184396777
5000 6.84100587002
5000 5.33230214047
5000 4.77343191396
5000 6.3600578105
5000 6.54556128889
5000 6.35200534711
5000 3.92781102963
5000 6.09204004887
5000 5.36755654926
6000 3.20872600062
6000 5.83265996569
6000 6.59074323098
6000 6.54946071315
6000 3.73152074626
6000 5.51482582683
6000 6.24512353403
6000 6.41610386134
6000 3.0635046113
6000 6.57763601712
6000 7.76490291261
6000 6.78967313955
7000 3.14704191186
7000 6.45392490474
7000 4.01910706722
7000 4.26863365643
