1 3.393572914
1 3.773859923
1 3.772546571
1 3.066906341
1 3.356985061
1 4.061648786
2 3.29569267
2 3.914293868
2 3.405370194
2 3.501203444
2 3.152401594
2 3.2817904
3 4.246339792
3 3.927702479
3 4.003112853
3 3.120435778
3 3.727127202
3 4.004933578
4 3.225380343
4 3.358373935
4 3.379201313
4 3.26246547
4 3.275771309
4 4.049899386
5 3.170257576
5 3.311670561
5 3.46315637
5 3.098463436
5 2.937702685
5 3.142525562
6 3.819465114
6 3.007459152
6 3.238531878
6 3.247085275
6 3.771701062
6 3.07427157
7 3.468884378
7 3.345464912
7 3.626120485
7 3.516108447
7 3.200492868
7 3.616459099
8 3.194856349
8 3.222660793
8 3.236911045
8 2.855319081
8 3.535730158
8 3.062548827
9 3.06684679
9 3.332935775
9 3.314543306
9 3.279379383
9 3.04008123
9 3.254962619
10 2.947166327
10 2.98851974
10 3.490120376
10 3.068141986
10 3.453328524
10 3.058202954
20 2.636785036
20 3.209571774
20 3.101634655
20 2.71305415
20 2.980441229
20 3.54597995
30 2.533974655
30 2.978109268
30 2.585442741
30 3.095496001
30 2.629106154
30 2.696067028
40 2.786399574
40 2.454864701
40 2.60807159
40 2.670541674
40 3.276835952
40 2.446913864
50 3.084885609
50 2.770863151
50 2.482755712
50 3.046126791
50 2.501248775
50 2.608459489
60 2.732189879
60 2.808560409
60 2.602331382
60 2.379107522
60 2.971762557
60 2.52263793
70 2.614952246
70 2.440214171
70 2.667182029
70 2.406209282
70 2.44662086
70 2.560905548
80 2.432850325
80 2.290368434
80 2.51014012
80 2.335091875
80 2.538129766
80 2.464083368
90 2.488845879
90 2.201719121
90 2.806559382
90 2.431083438
90 2.170115684
90 2.341677127
100 2.220585979
100 2.661698756
100 2.6358596
100 2.475430217
100 2.567512422
100 2.319854848
200 2.145586622
200 2.412166349
200 2.165768822
200 2.201185446
200 2.110357416
200 1.98892059
300 2.01505949
300 2.073027714
300 2.017974119
300 2.101571177
300 1.968583931
300 1.896330614
400 1.924413032
400 1.883213443
400 2.021431894
400 1.865293433
400 2.030279647
400 1.985543115
500 1.912666158
500 1.928220667
500 1.987945796
500 1.942015975
500 1.975101511
500 1.870655384
600 1.912439625
600 1.917074442
600 2.089292871
600 1.909250228
600 1.825954934
600 1.848973371
700 1.853469646
700 1.81114004
700 1.801385542
700 1.915986666
700 1.826697762
700 1.879558086
800 1.734902193
800 1.815104357
800 1.904655081
800 1.730099133
800 1.843289836
800 1.874613102
900 1.944174037
900 1.885014075
900 1.83683032
900 1.879340521
900 1.820836093
900 1.837545963
1000 1.761523692
1000 1.786589202
1000 1.813090039
1000 1.803158841
1000 1.918742285
1000 1.779588365
2000 1.805650579
2000 1.823632123
2000 1.879250807
2000 1.752243387
2000 1.695799247
2000 1.85219179
3000 1.656178757
3000 1.758052284
3000 1.739035509
3000 1.79397096
3000 1.697775324
3000 1.681917062
4000 1.726177417
4000 1.792590787
4000 1.815411313
4000 1.884317423
4000 1.746179331
4000 1.717211259
5000 1.760056693
5000 1.832424615
5000 1.880983828
5000 1.751800305
5000 1.722930778
5000 1.83812604
6000 1.682408444
6000 1.768577496
6000 1.822019388
6000 1.827650363
6000 1.682008389
6000 1.756651349
7000 1.868956666
7000 1.698053113
7000 1.80270592
7000 1.679124253
7000 1.732614458
7000 1.803041874
8000 1.806140661
8000 1.719201716
8000 1.846284512
8000 1.732569187
8000 1.814418325
8000 1.752495429
9000 1.739953847
9000 1.81738082
9000 1.707143592
9000 1.763549111
9000 1.785221163
9000 1.7347963
1 3.393572914
1 3.773859923
1 3.772546571
1 3.066906341
1 3.356985061
1 4.061648786
2 3.29569267
2 3.914293868
2 3.405370194
2 3.501203444
2 3.152401594
2 3.2817904
3 4.246339792
3 3.927702479
3 4.003112853
3 3.120435778
3 3.727127202
3 4.004933578
4 3.225380343
4 3.358373935
4 3.379201313
4 3.26246547
4 3.275771309
4 4.049899386
5 3.170257576
5 3.311670561
5 3.46315637
5 3.098463436
5 2.937702685
5 3.142525562
6 3.819465114
6 3.007459152
6 3.238531878
6 3.247085275
6 3.771701062
6 3.07427157
7 3.468884378
7 3.345464912
7 3.626120485
7 3.516108447
7 3.200492868
7 3.616459099
8 3.194856349
8 3.222660793
8 3.236911045
8 2.855319081
8 3.535730158
8 3.062548827
9 3.06684679
9 3.332935775
9 3.314543306
9 3.279379383
9 3.04008123
9 3.254962619
10 2.947166327
10 2.98851974
10 3.490120376
10 3.068141986
10 3.453328524
10 3.058202954
20 2.636785036
20 3.209571774
20 3.101634655
20 2.71305415
20 2.980441229
20 3.54597995
30 2.533974655
30 2.978109268
30 2.585442741
30 3.095496001
30 2.629106154
30 2.696067028
40 2.786399574
40 2.454864701
40 2.60807159
40 2.670541674
40 3.276835952
40 2.446913864
50 3.084885609
50 2.770863151
50 2.482755712
50 3.046126791
50 2.501248775
50 2.608459489
60 2.732189879
60 2.808560409
60 2.602331382
60 2.379107522
60 2.971762557
60 2.52263793
70 2.614952246
70 2.440214171
70 2.667182029
70 2.406209282
70 2.44662086
70 2.560905548
80 2.432850325
80 2.290368434
80 2.51014012
80 2.335091875
80 2.538129766
80 2.464083368
90 2.488845879
90 2.201719121
90 2.806559382
90 2.431083438
90 2.170115684
90 2.341677127
100 2.220585979
100 2.661698756
100 2.6358596
100 2.475430217
100 2.567512422
100 2.319854848
