1 2.779428642
2 2.652482368
2 3.059620163
3 2.514531251
3 2.867143809
3 2.911456975
4 2.579295085
4 2.825317419
4 3.089915784
5 3.021596847
5 2.487751874
5 2.709067435
6 2.956016767
6 2.403635873
6 2.708148937
7 2.900824524
7 2.688999858
7 2.502569877
8 2.928831891
8 2.359342926
8 2.366905995
9 2.418904728
9 2.441926151
9 2.250645425
10 2.631259155
10 2.946211929
10 2.708990055
20 2.91273983
20 2.21643016
20 2.317613612
30 2.699856026
30 2.620839473
40 2.622831508
40 2.435343936
50 2.189385974
50 2.337249349
60 2.321470159
60 2.206617477
70 2.140975123
70 2.121447773
80 2.192449465
80 2.054097015
90 1.822656488
90 1.998833789
100 1.861062575
100 2.0742559
100 1.922051629
200 1.746652861
200 1.853589823
200 1.768259528
300 1.724469045
300 1.620439055
300 1.758509406
400 1.697946993
400 1.769820791
400 1.64802367
500 1.673176194
600 1.689798316
600 1.663838737
600 1.641214965
700 1.687232245
800 1.765140939
1000 1.629681798
1000 1.635271747
1 2.779428642
2 2.652482368
2 3.059620163
3 2.514531251
3 2.867143809
3 2.911456975
4 2.579295085
4 2.825317419
4 3.089915784
5 3.021596847
5 2.487751874
5 2.709067435
6 2.956016767
6 2.403635873
6 2.708148937
7 2.900824524
7 2.688999858
7 2.502569877
8 2.928831891
8 2.359342926
8 2.366905995
9 2.418904728
9 2.441926151
9 2.250645425
10 2.631259155
10 2.946211929
10 2.708990055
11 3.226811133
11 3.242125862
11 3.070645178
12 2.505602846
12 2.873697665
12 2.477209491
13 2.587315172
13 2.976906264
13 2.444050252
14 2.364642052
14 2.728428379
14 3.097489588
15 3.106741085
15 2.645166116
15 2.279951489
16 2.473429882
16 2.310250588
16 2.818554021
17 2.568559278
17 2.869166945
17 2.71351131
18 2.698397016
18 2.643650405
18 2.679811929
19 2.296035592
19 2.60580572
19 2.235892058
20 2.91273983
20 2.21643016
20 2.317613612
21 2.397767899
21 2.689780755
21 2.644348155
22 2.418770226
22 2.749429057
22 2.776689678
23 2.845917703
23 2.31907807
24 2.280207625
24 2.306148654
25 2.5149877
25 2.438908136
26 2.916597683
26 2.471337489
26 2.413949408
27 2.402383351
27 2.582822662
27 2.590460295
28 2.382720044
28 2.830992857
28 2.726069475
29 2.898752294
29 2.603680891
29 2.36936293
30 2.699856026
30 2.620839473
31 2.666896793
31 2.537049378
32 2.323276623
32 2.353002999
33 2.235471105
33 2.478173229
33 2.419269985
34 2.384844798
34 2.352920162
35 2.405961371
35 2.25006345
36 2.335854463
36 2.368450396
37 2.581886606
37 2.250232403
38 2.56240232
38 2.207534278
39 2.662327376
39 2.511655135
40 2.622831508
40 2.435343936
41 2.278303854
41 2.260568981
42 2.493113545
42 2.250914709
43 2.158418225
43 2.264429103
44 2.501702003
44 2.234053941
45 2.009428554
45 2.221730548
46 2.285324564
46 2.448914467
47 2.109132154
47 2.208928772
48 1.986093343
48 2.228061571
49 2.339025573
49 2.017228843
50 2.189385974
50 2.337249349
51 2.392789426
51 2.220973222
52 2.178015381
52 2.336741011
53 1.995991284
53 2.161954406
54 2.470000715
54 1.993609619
55 2.03109288
55 1.980407748
56 2.38950872
56 2.093204444
57 2.259325778
57 2.736994346
58 2.091021502
58 2.114877609
59 2.070206567
59 2.112461468
60 2.321470159
60 2.206617477
61 1.96934592
61 2.065480752
62 2.142227527
62 2.304968593
63 2.098688688
63 2.260971223
64 2.18673101
64 2.320695492
65 2.012776467
65 2.281473549
66 2.100255627
66 2.09504321
67 2.360369388
67 2.004628146
68 2.261969173
68 2.138159858
69 2.279110899
69 2.22165019
70 2.140975123
70 2.121447773
71 1.976115691
71 2.038652092
72 1.981555983
72 2.108035388
73 1.917043077
73 2.079309501
74 1.976343353
74 2.181931063
75 2.142340043
75 2.089225225
76 2.077653447
76 2.065044635
77 2.171141281
77 2.076976527
78 1.942907152
78 1.928451877
79 2.038798035
79 2.518224351
80 2.192449465
80 2.054097015
81 2.049300878
81 1.98872192
82 2.212868002
82 2.036400117
83 2.22691931
83 1.984409418
84 2.099404919
84 2.14359905
85 2.310150138
85 2.088867152
86 2.123620414
86 1.920919553
87 2.167393564
87 2.251217468
88 1.918371904
88 1.963455675
89 2.050683312
89 1.821629314
90 1.822656488
90 1.998833789
91 1.869126312
91 1.980144354
92 2.089233332
92 2.248542744
93 2.279875583
93 2.041059518
94 1.946737755
94 1.95886733
95 2.303277426
95 2.060986219
96 1.824037699
96 1.934147416
97 1.984113704
97 1.939973803
98 1.905970646
98 1.915824281
99 1.986296026
99 1.957076571
100 1.861062575
100 2.0742559
100 1.922051629
101 2.007605128
101 2.017729023
102 1.874742342
102 2.131512492
103 1.829114216
103 1.924522795
104 1.954549923
104 2.063773073
105 1.852584851
105 1.953436444
106 1.809269819
106 1.939766957
107 1.96577686
107 1.925813799
108 2.196779725
108 1.820812824
109 1.923819157
109 1.908668347
110 1.919323213
110 1.950353974
110 1.867689221
111 1.941803183
111 2.043567546
112 1.956906998
112 1.983375236
113 1.953344462
113 1.9780747
114 2.079921256
114 2.059293699
115 2.141770788
115 1.879041489
116 2.088065304
116 1.990574215
117 2.065609915
117 1.948371723
118 1.870309311
118 2.00232092
119 2.132106605
119 1.934969236
120 2.006965933
120 2.17848854
120 1.850553688
121 1.964558317
121 1.942716957
122 1.720518982
122 1.980473477
123 2.073515919
123 1.847252093
124 1.895848269
124 1.898205428
125 1.857156619
125 2.111073698
126 1.917840848
126 1.77207667
127 1.831954962
127 1.928754672
128 2.107543667
128 1.839017211
129 1.848033899
129 2.130226469
130 1.891035668
130 2.029907358
130 1.810562435
140 1.8077351
150 1.849535603
160 1.930489321
170 1.817870075
180 1.780589588
190 1.780824278
201 1.861484269
201 1.788739251
201 1.964170081
202 1.756631189
202 1.752775865
202 1.798167927
203 1.76265083
203 1.747357767
203 1.695570571
204 1.826826284
204 1.682700889
204 1.815039928
205 1.837065983
205 1.87540138
205 1.83282191
301 1.756357655
301 1.71686567
301 1.721337958
302 1.71474562
302 1.685878636
302 1.75401125
303 1.811630777
303 1.670900856
303 1.666239232
304 1.653246597
304 1.703383898
304 1.739292975
305 1.63456254
305 1.657908785
305 1.599710801
401 1.642364341
401 1.669234041
401 1.65240048
402 1.695931046
402 1.660949782
402 1.733085146
403 1.633455671
403 1.616798931
403 1.629728657
404 1.647983058
404 1.683371243
404 1.746793726
405 1.762345414
405 1.694977392
405 1.632479532
601 1.685533745
601 1.69708205
601 1.620758399
602 1.735653656
602 1.638787073
602 1.595511372
603 1.675049849
1001 1.559633339
1001 1.662027089
1002 1.58599618
1002 1.677780011
1003 1.590827551
1003 1.583555023
10000 1.536382563
10000 1.656962746
