1 7.23046342009
1 8.95349252539
1 7.37176519522
1 5.90326050663
1 6.25824559081
1 13.7831904299
2 4.87137535706
2 10.6634985839
2 8.22030915709
2 9.09651797064
2 5.96454792657
2 7.00901903412
3 13.7244305586
3 7.83942716367
3 7.02690720959
3 7.58165369319
3 13.8649896315
3 6.5193571964
4 5.38763763187
4 7.20016530275
4 8.79226792496
4 7.37883911161
4 6.48790370493
4 8.19846679007
5 6.78373636966
5 5.28724914174
5 7.50173002923
5 3.96922616689
5 7.10848021977
5 4.85938908817
6 7.58111142399
6 6.30911371469
6 9.08776760797
6 6.18550987809
6 11.4807205297
6 6.63685413203
7 4.87531318125
7 6.25008794098
7 9.4833464113
7 8.4882604381
7 7.08492947672
7 8.15222150436
8 8.00326624754
8 9.11472463871
8 5.14803755811
8 6.25622864993
8 6.86379741205
8 4.5091752216
9 5.76231774
9 6.10927235674
9 6.4407335296
9 6.29250836407
9 6.84993587378
9 6.48736385059
10 5.17329479897
10 5.6062966163
10 6.36197597249
10 6.34171721397
10 7.87216616317
10 6.21790462654
20 5.7217790259
20 3.62625284173
20 6.27250343368
20 5.62107231149
20 4.10245400717
20 9.00098548639
30 6.36979071285
30 7.27513261017
30 5.57745599836
30 4.81266351455
30 4.06257991494
30 4.41739247113
40 5.54750481525
40 3.38927100785
40 3.53119823053
40 4.81686455798
40 5.08215010696
40 3.72314730443
50 4.96401001485
50 5.04041255132
50 3.46957568232
50 7.07618716357
50 5.1903587038
50 4.83311197338
60 3.91651738657
60 3.28918893604
60 4.60829752255
60 3.29581234775
60 5.07600269008
60 4.473443143
70 4.07435206666
70 2.37949681089
70 3.97712435392
70 4.09002313657
70 3.78171640215
70 4.85203424359
80 5.21524083712
80 4.33566947159
80 6.11079800871
80 3.7961666285
80 4.85005942852
80 5.63147067881
90 3.71292468492
90 3.97073035348
90 3.3080014645
90 3.08752677712
90 3.41635629425
90 3.15143994983
100 4.01029212441
100 5.99825769793
100 4.82150322687
100 3.39835032749
100 4.33822975494
100 4.81480790614
200 3.24543095139
200 1.97176108889
200 3.45912418819
200 2.77703191541
200 3.23241863727
200 2.88647503998
300 3.17906052917
300 3.24363349403
300 2.36812767171
300 4.01331418178
300 1.55402276754
300 3.00234919279
400 2.16282310591
400 2.77662648802
400 2.93461008419
400 3.10399528594
400 2.53668082162
400 2.20844535892
500 1.65289553343
500 2.00773518966
500 2.47780852539
500 3.11639288521
500 2.47239576118
500 1.93479877563
600 3.05880824353
600 2.22879910175
600 1.62476461465
600 1.83274698677
600 1.62342141842
600 1.64667137782
700 1.91490466027
700 2.77619744871
700 2.19494900045
700 2.41520125281
700 2.55974027576
700 2.07572115014
800 2.58557949677
800 2.42353465045
800 2.56232282944
800 1.65926887344
800 1.77617202296
800 1.55314671166
900 2.62496632484
900 2.48271390164
900 1.94175087598
900 2.03045361255
900 1.6832781707
900 1.41086477356
1000 2.31335392171
1000 1.8245670666
1000 2.42064084874
1000 2.2754522297
1000 2.209473819
1000 2.44792576318
2000 1.85140952587
2000 1.64576553873
2000 1.73462658249
2000 1.89906535544
2000 2.30558318538
2000 1.93923030359
3000 1.79527460238
3000 1.78512147705
3000 1.60199118672
3000 1.90537268941
3000 1.74697534801
3000 1.65969415631
4000 1.93076006414
4000 2.6324250082
4000 1.92834037904
4000 2.07657735054
4000 2.65173928994
4000 1.64080918219
5000 2.51458408983
5000 2.56726791665
5000 1.79037995882
5000 3.15872852004
5000 2.03754040818
5000 1.65916449803
6000 1.84686074326
6000 1.56411471654
6000 1.30106693356
6000 2.06656670167
6000 1.70699205065
6000 1.55976878178
7000 1.91316435449
7000 1.98516943929
7000 1.62674425944
7000 2.36903538902
7000 2.58146163169
7000 1.28036571987
8000 1.53891194408
8000 1.92986549438
8000 2.2126906747
8000 2.14177361641
8000 1.90901751115
8000 1.60850646657
9000 2.50939563886
9000 1.61748409396
9000 1.83315026762
9000 1.87370400748
9000 2.00268814189
9000 2.12407326302
1 7.23046342009
1 8.95349252539
1 7.37176519522
1 5.90326050663
1 6.25824559081
1 13.7831904299
2 4.87137535706
2 10.6634985839
2 8.22030915709
2 9.09651797064
2 5.96454792657
2 7.00901903412
3 13.7244305586
3 7.83942716367
3 7.02690720959
3 7.58165369319
3 13.8649896315
3 6.5193571964
4 5.38763763187
4 7.20016530275
4 8.79226792496
4 7.37883911161
4 6.48790370493
4 8.19846679007
5 6.78373636966
5 5.28724914174
5 7.50173002923
5 3.96922616689
5 7.10848021977
5 4.85938908817
6 7.58111142399
6 6.30911371469
6 9.08776760797
6 6.18550987809
6 11.4807205297
6 6.63685413203
7 4.87531318125
7 6.25008794098
7 9.4833464113
7 8.4882604381
7 7.08492947672
7 8.15222150436
8 8.00326624754
8 9.11472463871
8 5.14803755811
8 6.25622864993
8 6.86379741205
8 4.5091752216
9 5.76231774
9 6.10927235674
9 6.4407335296
9 6.29250836407
9 6.84993587378
9 6.48736385059
10 5.17329479897
10 5.6062966163
10 6.36197597249
10 6.34171721397
10 7.87216616317
10 6.21790462654
20 5.7217790259
20 3.62625284173
20 6.27250343368
20 5.62107231149
20 4.10245400717
20 9.00098548639
30 6.36979071285
30 7.27513261017
30 5.57745599836
30 4.81266351455
30 4.06257991494
30 4.41739247113
40 5.54750481525
40 3.38927100785
40 3.53119823053
40 4.81686455798
40 5.08215010696
40 3.72314730443
50 4.96401001485
50 5.04041255132
50 3.46957568232
50 7.07618716357
50 5.1903587038
50 4.83311197338
60 3.91651738657
60 3.28918893604
60 4.60829752255
60 3.29581234775
60 5.07600269008
60 4.473443143
70 4.07435206666
70 2.37949681089
70 3.97712435392
70 4.09002313657
70 3.78171640215
70 4.85203424359
80 5.21524083712
80 4.33566947159
80 6.11079800871
80 3.7961666285
80 4.85005942852
80 5.63147067881
90 3.71292468492
90 3.97073035348
90 3.3080014645
90 3.08752677712
90 3.41635629425
90 3.15143994983
100 4.01029212441
100 5.99825769793
100 4.82150322687
100 3.39835032749
100 4.33822975494
100 4.81480790614
