1 13.7217338119
2 11.3548683101
2 7.2899042483
3 8.88966788819
3 8.30034356272
3 14.753925313
4 10.7194199913
4 12.4374077036
4 9.16383241427
5 28.6519946065
5 19.0068624154
5 8.6766524926
6 12.8945676048
6 9.94524108889
6 13.2237409291
7 10.3556845169
7 11.1289172903
7 10.2584786884
8 6.85153841147
8 10.5434559305
8 11.9138121963
9 9.83630780686
9 19.5024293709
9 19.0784549795
10 19.556537318
10 19.1906645151
10 8.5664577628
20 20.7217859975
20 11.8995374033
20 19.8833123617
30 17.355975471
30 14.9084058648
40 21.7367086081
40 9.77792668238
50 3.07397598812
50 8.7546638441
60 12.3619483679
60 6.56356348234
70 15.6245605772
70 12.9432249557
80 14.2637731704
80 7.7604347424
90 10.2825820277
90 10.732063092
100 5.63225074883
100 12.4684284159
100 5.95331440599
200 8.10452616098
200 8.85028619729
200 11.503664786
300 9.34684826244
300 10.1168993198
300 14.1315574815
400 8.69792293994
400 6.11812358811
400 6.28532660107
500 6.02185422469
600 10.3930079608
600 8.03053507946
600 8.07346341815
700 10.0328507836
800 8.14373545993
1000 5.88506772558
1000 9.22720586958
1 13.7217338119
2 11.3548683101
2 7.2899042483
3 8.88966788819
3 8.30034356272
3 14.753925313
4 10.7194199913
4 12.4374077036
4 9.16383241427
5 28.6519946065
5 19.0068624154
5 8.6766524926
6 12.8945676048
6 9.94524108889
6 13.2237409291
7 10.3556845169
7 11.1289172903
7 10.2584786884
8 6.85153841147
8 10.5434559305
8 11.9138121963
9 9.83630780686
9 19.5024293709
9 19.0784549795
10 19.556537318
10 19.1906645151
10 8.5664577628
11 17.2050989039
11 9.64857831553
11 9.45051828796
12 8.42507057597
12 16.0425855973
12 27.1814469212
13 9.47543521657
13 15.003677083
13 21.5890312954
14 13.6939955562
14 10.9438925549
14 30.5441206982
15 14.0860024842
15 6.82731600514
15 8.8182605083
16 13.2203043026
16 12.9892125398
16 16.552273007
17 16.9330139924
17 21.6394808997
17 10.4374605356
18 6.75594613269
18 9.1270238682
18 15.1786796454
19 15.4787929309
19 16.7240926911
19 15.8977495556
20 20.7217859975
20 11.8995374033
20 19.8833123617
21 5.62114521386
21 10.0632016921
21 7.38935029205
22 17.4513677837
22 16.8075771396
22 24.5107503069
23 9.70487144422
23 12.7183577841
24 12.0992395823
24 11.9209691006
25 23.8836557371
25 8.70949282123
26 18.3175714103
26 9.43884719864
26 11.4732998495
27 13.9586341077
27 17.5256363413
27 18.9844485593
28 13.2709594319
28 13.7281274346
28 14.0215640366
29 6.61351859893
29 14.5121337704
29 15.6954564781
30 17.355975471
30 14.9084058648
31 9.66221696675
31 7.39272503539
32 17.4818569415
32 12.4179945834
33 15.0699560221
33 10.6351162311
33 5.42134304349
34 7.28775885349
34 8.74203758117
35 11.1776952875
35 11.3265983577
36 7.40449744214
36 19.995257709
37 14.1348357597
37 6.6125307433
38 11.3281911873
38 17.6488231465
39 12.3364710036
39 23.4870777169
40 21.7367086081
40 9.77792668238
41 7.19384731832
41 9.7740253108
42 13.4241235053
42 6.13508893942
43 12.907008253
43 9.51307805517
44 14.963090681
44 17.4444853665
45 10.7839354451
45 13.3045891078
46 10.055720029
46 7.53115087495
47 12.6176010424
47 12.2845995729
48 6.56218763248
48 8.92001464765
49 11.7109972997
49 12.7333981339
50 3.07397598812
50 8.7546638441
51 18.6177666121
51 17.8841732733
52 7.47811738853
52 5.06576079915
53 14.0927769027
53 16.2430238503
54 19.3813460873
54 9.71524165864
55 14.3875921794
55 7.81750513771
56 15.1668004796
56 8.80534645272
57 9.9567777267
57 10.0950523759
58 16.0748301653
58 9.8846606121
59 13.7024808655
59 18.9685459656
60 12.3619483679
60 6.56356348234
61 11.3749629692
61 6.53596385478
62 16.3817579696
62 6.48925499754
63 7.23740174323
63 11.1333661793
64 8.12876801246
64 9.63080790991
65 9.47419432898
65 11.6459808785
66 13.4743110565
66 19.3084012099
67 10.3850595323
67 7.73025183406
68 9.30885160106
68 8.24994871346
69 9.10756936605
69 10.5079085263
70 15.6245605772
70 12.9432249557
71 11.9883727881
71 10.286478423
72 7.37249564101
72 13.2638338089
73 8.14683464571
73 18.6084165124
74 12.9508941102
74 8.92437143578
75 6.27857158812
75 7.9829736524
76 12.912203919
76 14.4463736686
77 8.07825089134
77 13.4217126704
78 8.38741256506
78 8.71123713527
79 7.38242049874
79 12.2587863521
80 14.2637731704
80 7.7604347424
81 8.32122298013
81 6.90267968801
82 7.25328604356
82 15.8086719914
83 20.0604078642
83 12.805360873
84 20.0486935852
84 16.3214371178
85 9.73337667657
85 12.9193719511
86 6.53431093961
86 12.6010361659
87 13.6991654955
87 17.7414094962
88 10.3815981929
88 6.52971011104
89 8.27856075757
89 18.2473352538
90 10.2825820277
90 10.732063092
91 9.80955469017
91 10.2175203503
92 10.1398996935
92 9.51011675814
93 10.5916071586
93 13.6135999177
94 12.0644276841
94 6.64274994495
95 10.0884186423
95 5.67392830924
96 8.0176976309
96 8.5182021154
97 7.39687085233
97 14.0356364136
98 7.19220229982
98 9.64254745174
99 11.1158773696
99 14.4669451443
100 5.63225074883
100 12.4684284159
100 5.95331440599
101 17.013113015
101 8.77774864682
102 7.1588234463
102 8.66717602754
103 6.61053355585
103 14.9218861697
104 8.60711640641
104 19.0386318856
105 8.91816900648
105 4.73885674313
106 13.0690622825
106 9.39126901797
107 9.22439718292
107 8.24388259015
108 9.79372148923
108 4.19408236903
109 8.14828979092
109 7.67105010169
110 10.9852202184
110 17.0965918808
110 8.0003388757
111 9.85529037818
111 13.0069549307
112 7.80984301514
112 11.1487875921
113 20.4448711061
113 6.45742721877
114 10.0001261109
114 7.03700492584
115 6.00105825483
115 7.60524814224
116 8.49738171454
116 9.85867305697
117 7.41465137024
117 9.72566091635
118 7.92028462534
118 8.28360535077
119 6.06054687953
119 11.9089809028
120 9.80518128677
120 10.4803575563
120 10.8249015653
121 9.66458852126
121 15.771016936
122 6.28652077227
122 16.763147915
123 8.80132581562
123 9.4042318593
124 14.4165455067
124 5.66475036595
125 10.0826629178
125 8.31800330085
126 10.0301617651
126 13.091099485
127 11.7209843129
127 13.5867120565
128 13.2962083647
128 10.3952165534
129 8.23137531365
129 16.3128103135
130 5.67360703651
130 10.4501070901
130 10.0465307957
140 9.84738785144
150 5.6963424413
160 13.0279370892
170 6.27079898522
180 5.12863452478
190 10.8043346626
201 9.45541191262
201 12.5114810929
201 15.5463774133
202 6.72050014569
202 5.16429781575
202 7.82803954622
203 1.56328804535
203 5.62361752693
203 16.5376466917
204 13.2051377919
204 10.1241240843
204 9.44729876252
205 10.5165170541
205 4.61754847677
205 9.85586509985
301 9.3512489598
301 11.4058205573
301 13.9436777206
302 8.77679445553
302 7.22480047641
302 9.3582190493
303 7.17218394668
303 8.8011066703
303 13.3792296132
304 12.1241658832
304 16.7130898204
304 9.6403365476
305 13.639520342
305 9.70116826781
305 9.35213733376
401 7.22906598009
401 7.11062323504
401 12.0502821808
402 11.5646307291
402 11.4415714087
402 6.44515584749
403 5.61433349179
403 6.65998545359
403 5.28409848598
404 4.89258233961
404 6.65304574985
404 5.42842886693
405 9.38597319617
405 8.18482099917
405 8.52957108
601 6.79556964319
601 7.7006989055
601 9.09873794357
602 6.71697194268
602 9.81650756987
602 6.24610111998
603 9.83629596476
1001 7.0822472871
1001 5.74089154439
1002 5.77105628359
1002 8.76515229626
1003 6.63403341228
1003 9.6410389816
10000 5.54623513867
10000 5.54683314261
