1 5.4535885952
1 6.6751907827
1 6.5373745073
1 5.16127383762
1 5.92771541718
1 6.26473954092
2 6.6897774966
2 6.56841721769
2 6.66661185026
2 5.88394888949
2 5.36283624022
2 5.67158357674
3 7.36547333572
3 6.37819891228
3 7.28036603612
3 5.74030441909
3 5.27105242926
3 7.40466126565
4 6.8895460293
4 6.59470614893
4 6.7358879745
4 5.12916585053
4 6.2407277115
4 7.49512595052
5 5.53110009065
5 5.67097590147
5 6.25049168535
5 6.10154246548
5 5.32016707148
5 5.94826983053
6 6.71234506741
6 6.02419177259
6 6.68873163063
6 6.04393866847
6 5.31608043612
6 5.32824218729
7 7.27407266241
7 6.12120182088
7 6.43718880152
7 6.30402184405
7 5.814351219
7 6.15293505797
8 5.2879824527
8 5.56753209194
8 6.30821519513
8 4.95358725498
8 7.17394766494
8 5.8834004888
9 5.81144221746
9 6.00262899529
9 5.94586876325
9 6.24486171873
9 5.74422362004
9 5.94712659923
10 5.16785368667
10 5.28753554882
10 6.66036623629
10 6.16179963806
10 6.52352640538
10 5.02918966633
20 4.60816134378
20 5.91994887481
20 6.05725506535
20 5.17853683903
20 6.06534375309
20 6.70286725375
30 4.47653226662
30 5.86876822461
30 4.54396674044
30 5.82517394852
30 5.23903401896
30 4.90631817304
40 5.6154922062
40 4.87280195752
40 4.72297005685
40 5.03252529871
40 6.93963077505
40 5.00638714087
50 5.56319332144
50 5.26617665515
50 5.23577803463
50 5.71779792022
50 4.69097137241
50 5.27491855459
60 5.15992560756
60 6.49559742863
60 5.20248685196
60 5.01734269795
60 6.12977186005
60 5.04236767736
70 4.76001496617
70 5.07529894946
70 5.94053469509
70 4.67668883034
70 4.93541195972
70 4.76428288146
80 4.57849431205
80 4.56533687882
80 4.87968889087
80 4.77657012187
80 5.13777687214
80 4.82525521039
90 5.3577504493
90 4.32760594483
90 5.94268089483
90 5.20120178209
90 4.29718953778
90 4.77832368119
100 4.47750744361
100 4.92109655966
100 5.18054800867
100 5.12638970426
100 5.45387077629
100 4.72809357488
200 4.3908601408
200 5.08816116993
200 4.14382493649
200 4.94444482269
200 4.44647509138
200 4.14439541451
300 4.09116896359
300 4.24584123846
300 4.32902704217
300 4.18022480359
300 4.08544080396
300 4.07816110205
400 4.11343158683
400 4.17615873218
400 4.18695136728
400 3.9604984301
400 4.52378881557
400 4.13917961847
500 3.90858355222
500 4.11532636482
500 4.15949501492
500 4.17427445433
500 4.10716322715
500 4.05780374309
600 4.05776313121
600 4.18669635082
600 4.42584287582
600 3.98272438248
600 4.27960048461
600 3.98633508617
700 3.9034531807
700 3.89451790469
700 4.00159152042
700 4.06356952248
700 3.96125836445
700 4.16563828709
800 3.9208753674
800 4.10573411963
800 4.03410947041
800 4.01872000081
800 4.10280325549
800 4.10667116086
900 4.09080198134
900 4.13578386305
900 4.12129820614
900 4.07804771638
900 3.93053882797
900 3.95658503679
1000 3.9190179529
1000 4.07418458318
1000 3.96623652885
1000 3.9822889588
1000 4.08740974098
1000 3.94979600554
2000 4.0566449001
2000 3.98014274522
2000 3.99382326381
2000 3.93632289257
2000 3.88561719052
2000 4.01304560597
3000 3.86786309248
3000 3.9360822307
3000 4.04221461485
3000 3.89187385181
3000 3.9124146863
3000 3.88056750944
4000 3.92101289787
4000 4.00736563205
4000 4.06362894943
4000 4.14776499921
4000 4.03351278705
4000 3.8593568611
5000 3.91958421977
5000 4.09666596065
5000 3.94146012797
5000 3.87859129989
5000 3.92188209678
5000 4.09963276841
6000 3.87204327682
6000 3.98094024391
6000 3.95021153365
6000 3.95453132978
6000 3.88972252667
6000 4.07842601953
7000 4.107335174
7000 3.91095984441
7000 3.92075059157
7000 3.86848363667
7000 3.91463291525
7000 3.85267750306
8000 4.04582728905
8000 3.90768199056
8000 3.97083926795
8000 3.96031475717
8000 3.98575377901
8000 3.94698680043
9000 3.97956221379
9000 4.00667067256
9000 3.86898272615
9000 3.99812943607
9000 3.99812943607
9000 3.93005537096
1 5.4535885952
1 6.6751907827
1 6.5373745073
1 5.16127383762
1 5.92771541718
1 6.26473954092
2 6.6897774966
2 6.56841721769
2 6.66661185026
2 5.88394888949
2 5.36283624022
2 5.67158357674
3 7.36547333572
3 6.37819891228
3 7.28036603612
3 5.74030441909
3 5.27105242926
3 7.40466126565
4 6.8895460293
4 6.59470614893
4 6.7358879745
4 5.12916585053
4 6.2407277115
4 7.49512595052
5 5.53110009065
5 5.67097590147
5 6.25049168535
5 6.10154246548
5 5.32016707148
5 5.94826983053
6 6.71234506741
6 6.02419177259
6 6.68873163063
6 6.04393866847
6 5.31608043612
6 5.32824218729
7 7.27407266241
7 6.12120182088
7 6.43718880152
7 6.30402184405
7 5.814351219
7 6.15293505797
8 5.2879824527
8 5.56753209194
8 6.30821519513
8 4.95358725498
8 7.17394766494
8 5.8834004888
9 5.81144221746
9 6.00262899529
9 5.94586876325
9 6.24486171873
9 5.74422362004
9 5.94712659923
10 5.16785368667
10 5.28753554882
10 6.66036623629
10 6.16179963806
10 6.52352640538
10 5.02918966633
20 4.60816134378
20 5.91994887481
20 6.05725506535
20 5.17853683903
20 6.06534375309
20 6.70286725375
30 4.47653226662
30 5.86876822461
30 4.54396674044
30 5.82517394852
30 5.23903401896
30 4.90631817304
40 5.6154922062
40 4.87280195752
40 4.72297005685
40 5.03252529871
40 6.93963077505
40 5.00638714087
50 5.56319332144
50 5.26617665515
50 5.23577803463
50 5.71779792022
50 4.69097137241
50 5.27491855459
60 5.15992560756
60 6.49559742863
60 5.20248685196
60 5.01734269795
60 6.12977186005
60 5.04236767736
70 4.76001496617
70 5.07529894946
70 5.94053469509
70 4.67668883034
70 4.93541195972
70 4.76428288146
80 4.57849431205
80 4.56533687882
80 4.87968889087
80 4.77657012187
80 5.13777687214
80 4.82525521039
90 5.3577504493
90 4.32760594483
90 5.94268089483
90 5.20120178209
90 4.29718953778
90 4.77832368119
100 4.47750744361
100 4.92109655966
100 5.18054800867
100 5.12638970426
100 5.45387077629
100 4.72809357488
