300 13.3555179752
300 7.10777825134
300 10.505818241
300 11.7821233841
300 13.8833385987
300 8.93084729717
300 13.0381899085
300 7.17866312896
300 12.1816275995
300 13.3533404446
300 7.8745551607
300 11.8070436678
300 10.7553229546
300 9.92362967211
3000 7.19596694971
3000 6.06556897286
3000 4.69514268718
3000 9.08145312819
3000 10.3916192058
3000 15.1722823824
3000 15.5223589215
3000 12.1043587505
3000 7.02794860171
3000 6.86125263858
3000 13.1205886011
3000 10.581209118
3000 7.47421099652
3000 8.07288584633
4000 3.76898105243
4000 14.2726475203
4000 16.1419595976
4000 3.71682927364
4000 2.986577129
4000 10.6133257615
4000 13.9200825589
4000 11.2858171961
4000 7.18986862789
4000 12.5388811804
4000 7.94253228553
4000 7.60127070111
4000 7.34935483742
4000 7.58169765349
5000 7.41314226371
5000 5.25660067096
5000 11.301370544
5000 8.78549623314
5000 11.7456630129
5000 7.06304383078
5000 9.37721194885
5000 6.32901436355
5000 9.01147697161
5000 13.0889023638
5000 7.81544991443
5000 4.06024108575
5000 12.0930564038
5000 10.1105591026
6000 8.96368978411
6000 7.76686630815
6000 11.6106293327
6000 7.18906886064
6000 2.95368930904
6000 12.4382990518
6000 13.615321012
6000 8.42081241536
6000 3.79134079307
6000 12.8183283553
6000 3.63014609525
6000 9.68495336917
6000 11.4003788955
6000 10.2131801868
7000 7.62732662852
7000 7.58923066244
7000 13.1991607745
7000 10.676221209
7000 6.12645843417
7000 10.5101846353
7000 3.26679238956
7000 3.11773432065
7000 13.2693022936
7000 6.26216257949
7000 2.51572491794
7000 6.61512600793
7000 8.36211439358
7000 9.83133575945
8000 12.0827995499
8000 7.98068569061
8000 9.30183884442
8000 3.7485811923
8000 3.98088949345
8000 13.1201772554
8000 11.3756644134
8000 13.3583654556
8000 6.85366837239
8000 4.4443519067
8000 6.44136144174
8000 3.65025747251
8000 9.81758208103
8000 5.45237235898
9000 11.241378728
9000 9.69903906047
9000 4.85247995691
9000 10.6236104334
9000 5.74900229487
9000 5.65352502526
9000 4.06024108575
9000 7.17823349554
9000 3.63014609525
9000 6.45702503132
9000 7.77970585648
9000 10.7512947549
9000 8.47577072037
9000 8.28972142023
10000 12.2814892936
10000 12.043113322
10000 8.7790880498
10000 10.2810347065
10000 8.79809855582
10000 12.5576557486
10000 10.397771103
10000 6.77313219731
10000 2.55204079016
10000 9.81041353927
20000 11.5810655051
20000 6.60447068704
20000 10.4451374146
20000 3.11945980882
30000 12.903759209
30000 14.1770852513
30000 3.1144131616
30000 11.2041930285
