300 6.0735573437
300 0.0497681544222
300 8.51718140687
300 0.0443085811423
300 12.1830466027
300 0.0558825559718
300 9.02588114947
300 0.0118905450495
300 4.33383574063
300 0.0453241724535
300 6.65606449019
300 0.0342699355513
3000 5.21344048838
3000 0.0639112953579
3000 6.37254328683
3000 0.0639112953579
3000 5.77966407006
3000 0.0195391019923
3000 5.52538999579
3000 0.049208207576
3000 5.28479897803
3000 0.0431214196988
3000 5.50142165683
3000 0.0127405939806
4000 6.98550969132
4000 0.0578245074807
4000 5.80633154251
4000 0.0639112953579
4000 6.37254328683
4000 0.0639112953579
4000 5.7416909089
4000 0.0127405939806
4000 6.71181986039
4000 0.0383699733034
4000 6.9970467346
4000 0.0382819160351
5000 6.15033418066
5000 0.0382819160351
5000 6.8827376846
5000 0.0142504458697
5000 2.2143032819
5000 0.0292674447912
5000 6.71737067071
5000 0.0300069107027
5000 8.38637845714
5000 0.0578245074807
5000 5.27233290944
5000 0.0639112953579
6000 7.00125856842
6000 0.0127405939806
6000 6.5798966922
6000 0.0382819160351
6000 4.61421544829
6000 0.0297214964501
6000 6.29999796091
6000 0.0236347085728
6000 5.9424478943
6000 0.0639112953579
6000 6.40829338257
6000 0.0578245074807
7000 3.57425007024
7000 0.0236347085728
7000 5.99271212896
7000 0.0639112953579
7000 5.70285121169
7000 0.0127405939806
7000 8.08551420676
7000 0.0382819160351
7000 7.13736858426
7000 0.0195391019923
7000 7.44562783761
7000 0.0195391019923
8000 6.10540713646
8000 0.0578245074807
8000 6.42683498781
8000 0.0127405939806
8000 8.21540371648
8000 0.0639112953579
8000 7.00666460421
8000 0.0228952426614
8000 6.42773527702
8000 0.0142504458697
8000 3.82926306852
8000 0.0127405939806
9000 6.85657512453
9000 0.0570850415692
9000 6.21390689339
9000 0.0236347085728
9000 7.95864635438
9000 0.0382819160351
9000 6.55532195547
9000 0.0382819160351
9000 4.63867221889
9000 0.0195391019923
9000 6.81904560202
9000 0.0382819160351
