300 2.67402371138
300 7.37950207012
300 2.72135087173
300 3.15091165378
300 3.29954395288
300 2.79581757328
3000 2.30665880592
3000 2.30665880592
3000 2.91349463008
3000 2.64742224225
3000 2.62406517512
3000 3.01465681527
4000 2.33132795496
4000 2.30665880592
4000 2.30665880592
4000 3.01465681527
4000 2.61193807645
4000 2.59772462845
5000 2.59772462845
5000 3.27283636327
5000 3.45348871556
5000 3.53477468854
5000 2.33132795496
5000 2.30665880592
6000 3.01465681527
6000 2.59772462845
6000 2.82764599142
6000 2.82670610392
6000 2.30665880592
6000 2.33132795496
7000 2.82670610392
7000 2.30665880592
7000 3.01465681527
7000 2.59772462845
7000 2.91349463008
7000 2.91349463008
8000 2.33132795496
8000 3.01465681527
8000 2.30665880592
8000 2.89280345377
8000 3.27283636327
8000 3.01465681527
9000 2.31923305304
9000 2.82670610392
9000 2.59772462845
9000 2.59772462845
9000 2.91349463008
9000 2.59772462845
