300 5.01077710744
300 7.27989353012
300 5.12006065394
300 7.06567601314
3000 4.81462778755
3000 6.39224992217
3000 6.31569273919
3000 6.59150349738
4000 5.50804735523
4000 5.36305180578
4000 5.54999428733
4000 5.25723233573
5000 5.78205290501
5000 5.18967010111
5000 6.26611517387
5000 5.48955504129
6000 6.34538177591
6000 5.80164169844
6000 6.40748766341
6000 5.12732949313
7000 5.07664403828
7000 5.59415165993
7000 5.22606583509
7000 5.60828197359
8000 6.06625044042
8000 5.32347050123
8000 5.31984492659
8000 5.10888725489
9000 6.49882931526
9000 5.19398226536
9000 5.38720796297
9000 5.45452620319
