300 12.1319799551
300 6.44421072524
300 13.8408677383
300 13.4997807891
3000 7.41691391967
3000 4.61396798617
3000 7.91527400273
3000 3.94907240857
4000 17.7323849809
4000 6.28292098262
4000 19.8745933538
4000 15.7019711901
5000 13.3793688116
5000 12.4194644688
5000 10.0260130156
5000 13.7648604867
6000 10.0260130156
6000 19.0580549523
6000 3.0311348538
6000 15.1454763995
7000 6.25075591527
7000 12.1648332601
7000 14.6856905974
7000 19.2070365217
8000 14.2833731589
8000 14.2352513828
8000 12.9416403583
8000 14.6856905974
9000 7.76210273475
9000 12.5493044271
9000 13.7440361447
9000 12.3641633329
