1 2.172778875
1 2.077528886
1 2.445383754
1 2.293247915
1 2.581902749
1 2.235686471
1 2.897352766
1 2.767206771
1 2.230428804
1 2.270738408
1 2.416961489
1 2.416666762
1 2.24933056
1 2.708036831
1 2.215948728
1 2.636932309
1 2.742444675
1 2.596359233
1 2.435722235
1 2.396346489
1 2.191720316
1 2.592766945
1 2.322304161
1 2.107683324
1 2.747778112
1 2.642833029
1 2.449511814
1 3.006733815
1 2.477342979
1 2.980663436
1 2.631306232
1 2.523299225
1 2.409288652
1 2.085134671
1 2.207710868
1 2.552145127
1 2.369743777
1 2.188863664
1 2.49018475
1 2.657393969
1 2.657487055
1 2.4218441
1 2.517787813
1 2.073708395
1 2.348507559
1 2.534883359
1 2.532434522
1 2.484589127
1 2.347787455
1 2.748020201
1 2.516926062
1 2.253623733
1 2.300017544
1 2.331692845
1 2.537219716
1 2.507086332
1 2.758826377
1 1.976694961
1 2.390612741
1 2.241176257
1 2.464602588
1 2.507852647
1 2.211075806
1 2.505446841
1 2.636319489
1 2.714872678
1 2.567777676
1 2.361451568
1 2.318524176
1 2.481058486
1 2.439639218
1 2.394749403
1 2.48122753
1 2.611713515
1 2.737130863
1 2.308654355
1 2.56424569
1 2.573688942
1 2.163528197
1 2.581999588
1 2.559897987
1 2.414871881
1 2.548507392
1 2.274652741
1 2.461449261
1 2.326982906
1 2.672489036
1 2.369964675
1 2.372155855
1 2.053223888
1 2.555014548
1 2.343656437
1 2.821851713
1 2.372711469
1 2.551070964
1 2.004148563
1 2.189658846
1 2.663589935
1 2.83687298
2 2.649528083
2 1.907557416
2 2.248268474
2 2.328836153
2 2.317781592
2 2.60475136
2 2.48044051
2 2.514530499
2 2.110899877
2 2.213527812
2 2.324628251
2 2.197322836
2 2.436978608
2 2.104992566
2 2.372186411
2 2.517920403
2 2.477058015
2 2.32569884
2 2.317984141
2 2.414354197
2 2.5624537
2 2.319377622
2 2.190080888
2 2.433695819
2 2.533935001
2 2.405933672
2 1.912489843
2 2.497353385
2 2.078118798
2 2.407956053
2 2.505578372
2 2.849889267
2 2.651985001
2 2.378126583
2 2.299761351
2 2.144971932
2 2.400080705
2 2.099711378
2 2.779195995
2 2.280606309
2 2.518474312
2 2.180298406
2 2.670878656
2 2.355589512
2 2.208532675
2 2.716030249
2 2.010278176
2 2.305029683
2 2.268477789
2 2.675464211
2 2.705338263
2 2.84277486
2 3.205254629
2 2.580684251
2 2.493851422
2 2.31891485
2 2.404635253
2 2.362956052
2 2.084522165
2 2.465842755
2 2.21732537
2 2.481805391
2 2.516159854
2 2.447636837
2 2.70862211
2 2.658488921
2 2.660488215
2 2.382488742
2 2.499565435
2 2.432652032
2 2.179896825
2 2.273842188
2 2.487861308
2 2.361660471
2 2.393744048
2 2.146716984
2 2.269339375
2 2.307292691
2 2.484364141
2 2.910757819
2 2.56932318
2 2.775015675
2 2.385218051
2 2.213841971
2 2.274567627
2 2.358565144
2 2.174722224
2 2.324226808
3 2.245518534
3 2.480200034
3 2.358712933
3 2.207458817
3 2.316440276
3 2.651076273
3 2.407362845
3 2.42224098
3 2.951363732
3 2.384916826
3 2.342232357
3 2.424466459
3 2.491895987
3 2.710656928
3 2.548382014
3 2.247967728
3 2.250413894
3 2.294101002
3 2.244478799
3 2.205795255
3 2.414628236
3 2.222350127
3 2.131969192
3 2.803623831
3 1.9315513
3 2.431825829
3 2.166338725
3 2.684477994
3 2.396112643
3 2.422883851
3 1.899640458
3 2.032669356
3 2.02122212
3 2.581458428
3 2.061557113
3 2.436475573
3 2.534933572
3 2.711406717
3 2.205762958
3 2.460259145
3 2.096668997
3 2.357034317
3 2.186775745
3 2.097270234
3 2.223584973
3 2.439602874
3 2.274558569
3 2.325301116
3 2.477449721
3 2.235915707
3 2.330857139
3 2.444648752
3 2.180930438
3 2.301745281
3 2.180841798
3 2.366089711
3 2.208452905
3 2.404122865
3 2.2550171
3 1.914059676
3 2.592461028
3 2.298255565
3 2.396734414
3 2.262538838
3 1.987448126
3 2.383613642
3 2.475689976
3 2.560515173
3 2.240571757
3 2.389976464
3 2.207187132
3 2.312695362
3 2.629863591
3 2.541236557
3 2.292128412
3 2.638565101
3 2.471358967
3 2.625950682
3 2.208968509
3 2.288902315
3 2.315199312
3 2.372769749
3 2.699855813
3 2.299025788
3 2.885857974
3 2.361472025
3 2.646446228
3 2.359715501
3 2.430914644
4 2.534014167
4 2.186159312
4 2.10408
4 2.317263852
4 1.879710384
4 2.359924952
4 2.554518163
4 2.149023614
4 2.562940054
4 2.240431192
4 2.366632802
4 2.786695618
4 2.280100369
4 1.968799868
4 2.271363181
4 2.66668778
4 2.822865389
4 2.325237278
4 2.138049476
4 2.064379645
4 2.378886718
4 2.279346937
4 2.241371916
4 2.423122959
4 2.700289707
4 2.211385524
4 1.877819472
4 2.255110432
4 2.120639441
4 2.41267022
4 2.485923111
4 2.43032655
4 2.593266827
4 2.133466564
4 2.428380933
4 2.535722756
4 1.914183046
4 2.372392837
4 2.18653781
4 2.315254797
4 2.236691171
4 2.766795608
4 2.792466419
4 2.505738064
4 2.356652414
4 2.619497331
4 2.751942301
4 2.125823849
4 2.530470298
4 1.889296241
4 2.032671767
4 2.220789373
4 2.270107366
4 2.612974976
4 2.687742285
4 2.771483569
4 2.530913861
4 2.158230393
4 1.881544004
4 2.393956361
4 2.356832257
4 2.696766665
4 2.428939737
4 2.257733598
4 2.032819848
4 2.633579988
4 2.270481903
4 2.57004265
4 2.427872266
4 2.153825037
4 2.335300135
4 2.542898095
4 2.175456369
4 2.113363405
4 2.597850101
4 2.568135834
4 2.294794639
4 2.163188889
4 2.311193672
4 2.242005165
4 2.215928112
4 2.095987715
4 2.516306905
4 2.657264901
4 2.042296244
4 2.125361643
4 1.858599795
4 2.492569279
4 2.230864458
5 2.241491475
5 2.120094607
5 2.360471413
5 2.231134461
5 2.304027836
5 2.103644079
5 2.164302996
5 2.349217771
5 2.604106142
5 2.213912501
5 1.999514123
5 2.462523554
5 2.125546546
5 2.397433026
5 2.479361809
5 2.232378518
5 2.488594554
5 1.924301586
5 2.580588556
5 2.545431687
5 2.346124162
5 2.227041456
5 2.632773509
5 2.324959293
5 2.377350525
5 2.262698471
5 2.471146696
5 2.06362319
5 2.285873202
5 2.138313032
5 2.455126424
5 2.629582527
5 2.546888095
5 2.582227007
5 2.318174157
5 1.971515223
5 2.280207435
5 2.493495147
5 2.467399176
5 2.238031075
5 2.345847788
5 2.439177055
5 2.190087163
5 2.336360391
5 2.255971495
5 2.393145525
5 2.524566218
5 2.611353124
5 2.228924646
5 2.304624282
5 2.328743611
5 2.515435447
5 2.05332518
5 2.00210444
5 2.157867818
5 2.156993366
5 2.261971868
5 2.501984231
5 2.119350066
5 2.366505696
5 1.899427628
5 2.506030187
5 2.237015436
5 2.760393959
5 2.596735311
5 2.628125499
5 2.753851946
5 2.062370443
5 1.914576834
5 2.345527091
5 2.509694277
5 2.108881322
5 2.07910099
5 2.274408822
5 2.702499957
5 2.445555976
5 2.388202591
5 2.258542193
5 2.071793307
5 2.122001444
5 2.454465275
5 2.125767342
5 2.646233957
5 2.749982906
5 2.245593109
5 2.279328499
5 2.232081099
5 2.454042324
5 2.693825782
6 2.396609323
6 2.029109974
6 2.256773793
6 2.061370067
6 2.257462214
6 2.1979952
6 2.877740323
6 2.239803467
6 2.314130888
6 2.310229282
6 2.311489482
6 1.978351097
6 2.436052312
6 2.628932179
6 2.241516447
6 2.542591844
6 2.266812085
6 2.254468562
6 2.022970187
6 2.097361411
6 2.326814686
6 2.037041618
6 2.446092769
6 2.172461918
6 2.183442389
6 2.481066576
6 2.335221357
6 2.228194794
6 2.397246239
6 2.469669562
6 1.981679468
6 2.600132703
6 2.590960886
6 2.466509336
6 2.193861662
6 2.442892542
6 2.144868364
6 2.539234011
6 2.321624657
6 2.259384143
6 2.211075885
6 2.600207935
6 2.745244531
6 2.248663287
6 2.065655698
6 2.459243384
6 2.489316083
6 2.511331697
6 2.29515969
6 2.528792932
6 2.477769756
6 2.188941264
6 2.006512945
6 2.397602833
6 2.625685463
6 2.452357009
6 2.634077214
6 2.596531622
6 2.397129432
6 2.321125946
6 2.280327995
6 2.125593896
6 2.136857374
6 2.194132662
6 2.193881586
6 2.18669333
6 2.337975629
6 1.826883145
6 2.366150065
6 2.278321627
6 2.182126287
6 2.442971383
6 2.607735295
6 2.426604276
6 2.372739855
6 2.070613226
6 2.102173751
6 2.35444768
6 2.260903943
6 2.245073086
6 2.260111137
6 2.038516101
6 2.393372755
6 2.506792259
6 2.053304971
6 2.29177045
6 2.553741095
6 2.228660205
6 2.084996567
7 1.893066817
7 2.263436353
7 2.337602524
7 2.067623055
7 2.376398737
7 3.05837854
7 2.211691815
7 2.38843542
7 2.119657976
7 2.670203112
7 2.442116728
7 2.130248982
7 2.067323763
7 2.344612938
7 2.301858219
7 2.077319948
7 2.132722043
7 1.980811828
7 2.448829955
7 2.432480142
7 2.240307632
7 2.397122041
7 1.998416926
7 2.376576241
7 2.415331029
7 2.294113079
7 2.197673851
7 2.301311533
7 2.506635795
7 2.45610567
7 2.40876459
7 2.333121649
7 2.150580872
7 2.508637285
7 2.33204291
7 1.785452525
7 2.094189675
7 2.389443278
7 2.457775309
7 2.105304865
7 2.448926493
7 2.759594971
7 2.227576239
7 2.455808222
7 2.439733683
7 2.31791601
7 2.689890328
7 2.201971041
7 2.369224589
7 2.323843991
7 2.328690485
7 2.078771033
7 2.0826799
7 2.205069272
7 2.542913978
7 2.396411366
7 2.235382206
7 2.358945164
7 2.571450045
7 1.824389393
7 2.315981618
7 2.080980253
7 2.614237018
7 2.224777739
7 2.262655518
7 1.784678463
7 2.245328601
7 2.519463337
7 2.04617681
7 2.368186248
7 1.660811823
7 2.104514855
7 2.316458365
7 2.292630272
7 2.642100369
7 1.978506589
7 2.150937794
7 2.482132685
7 2.195011137
7 2.297837357
7 2.445668902
7 2.077637873
7 2.209041212
7 2.22386996
7 2.331523338
7 3.041427954
7 2.217703697
7 1.897474828
7 2.461140438
8 2.209744949
8 2.37295028
8 2.28533743
8 2.2998195
8 2.348983501
8 2.120495247
8 2.276354868
8 2.123260819
8 1.916771769
8 2.378625832
8 2.301199297
8 2.540217988
8 2.245984806
8 1.999155749
8 2.411743353
8 1.839758974
8 2.508374089
8 2.221817223
8 2.55483508
8 2.067223211
8 2.137986529
8 2.205144925
8 2.150646512
8 2.495682201
8 2.47587925
8 2.737967485
8 2.117881027
8 2.180503256
8 2.345385116
8 2.454262291
8 2.432488461
8 2.152112935
8 2.059227777
8 2.071446578
8 1.971494068
8 2.015463559
8 2.414977264
8 2.274150494
8 1.890516396
8 2.27347061
8 2.191082804
8 2.208048609
8 2.311066906
8 2.347746248
8 2.31341328
8 2.325383782
8 2.310228717
8 2.087714742
8 1.77458932
8 2.497546506
8 2.0249692
8 2.357027761
8 1.947288574
8 1.977590715
8 2.187397298
8 2.42388215
8 2.089831334
8 2.261888031
8 2.14704788
8 1.995625557
8 2.236212121
8 2.347761202
8 2.038252053
8 2.129519199
8 2.078802538
8 2.171918864
8 2.265623049
8 2.179893169
8 2.146695348
8 2.041365064
8 2.119443462
8 2.221857995
8 2.898650855
8 2.166295576
8 2.028992529
8 2.163554979
8 2.269205417
8 2.256884679
8 2.453929721
8 2.644509023
8 2.471405637
8 2.436775347
8 2.347096577
8 2.049795231
8 1.900835789
8 2.514074984
8 2.240038095
8 2.506736864
8 2.060865593
9 2.464151031
9 1.713743387
9 2.132952792
9 2.13472178
9 2.525372809
9 2.150968765
9 2.042604388
9 2.358111919
9 2.402069401
9 2.215052809
9 2.208412188
9 2.067701981
9 2.0915848
9 1.829169644
9 2.527091078
9 2.167117021
9 2.282106544
9 2.260471741
9 2.344632268
9 2.576164921
9 2.203470206
9 2.066693886
9 2.153578729
9 2.291845494
9 1.961412286
9 1.857175372
9 2.659492601
9 1.953736508
9 1.993366975
9 2.322667362
9 2.46017253
9 2.193328768
9 2.177922692
9 2.477856019
9 1.982097494
9 2.499388263
9 2.422559577
9 2.399248518
9 2.467034872
9 2.218999986
9 2.010999936
9 2.426696138
9 2.163405712
9 2.179891216
9 2.081162745
9 2.070772471
9 2.019544116
9 2.088730077
9 2.369703638
9 2.415707409
9 2.151862066
9 2.246127612
9 2.261127146
9 2.151307175
9 2.13913064
9 2.218610481
9 2.246736251
9 2.576848086
9 2.205624822
9 2.602434847
9 2.180641798
9 2.566315255
9 2.497216174
9 2.400256713
9 2.38757599
9 2.1551631
9 2.840571995
9 2.371245008
9 1.99325828
9 2.335734851
9 2.750397293
9 2.292129845
9 2.022318586
9 2.277234089
9 2.136624258
9 2.416151669
9 2.201043161
9 2.218483061
9 2.154993066
9 2.200418925
9 1.972076446
9 1.989857967
9 2.149389693
9 2.521493644
9 2.258104054
9 2.26466095
9 2.401082443
9 2.432833662
9 2.708591519
10 2.102587457
10 2.510141445
10 2.480127474
10 2.334945726
10 2.082317013
10 2.342150172
10 2.267769359
10 2.201381851
10 2.203056025
10 2.420118417
10 2.178135109
10 2.076343535
10 2.350502136
10 2.178247285
10 2.223030997
10 2.360152836
10 2.086405628
10 2.376485104
10 2.491317146
11 2.358348529
11 1.985111023
11 2.187543572
11 1.979822887
11 2.221356036
11 2.242974817
11 2.116973166
11 2.130437566
11 2.322781025
12 2.34660508
12 2.425192601
12 2.223502956
12 2.147966074
12 1.963062423
12 2.275651116
12 2.278402923
12 2.231893854
12 2.175215002
13 2.634387592
13 2.397981718
13 2.315991953
13 1.798240098
13 2.55435274
13 2.119790156
13 2.388124086
13 1.894539274
13 2.048576542
14 2.466346574
14 2.131919043
14 2.026712524
14 2.173364379
14 2.672319195
14 1.875537411
14 2.155275752
14 2.466836381
14 1.97698609
15 2.245224618
15 2.345739659
15 2.024887219
15 1.917345538
15 2.155490355
15 2.176865239
15 2.141079803
15 2.220265142
15 2.362569689
16 2.172458304
16 1.999826467
16 1.860206974
16 1.948615873
16 2.121180475
16 1.946738717
16 2.042506384
16 2.030792239
16 1.812014364
17 2.329888581
17 2.144534226
17 2.124943145
17 2.095182324
17 2.035354346
17 2.108761862
17 1.979113858
17 2.157471505
17 2.052672584
18 1.880611685
18 2.323214808
18 2.263053971
18 2.322575025
18 1.900383214
18 1.829716659
18 2.043478678
18 2.132074288
18 2.168285082
19 1.979815595
19 2.024256959
19 1.719121227
19 1.938925249
19 2.330584033
19 1.985952076
19 1.777506567
19 2.271196572
19 2.019782697
20 2.04812398
20 2.092272613
20 1.975983091
20 1.942512802
20 2.123549539
20 1.763596087
20 2.218268202
20 1.965955432
20 1.917111159
21 1.822899941
21 2.053263146
21 2.288073069
21 2.022907774
21 2.081194667
21 2.056129463
21 1.972603708
21 2.172011154
22 2.20959573
22 1.719431269
22 2.024182049
22 2.303455557
22 1.747461714
22 1.986952833
22 2.003202221
22 1.9587019
23 2.132620824
23 2.218276007
23 2.05505067
23 2.069702402
23 2.162322196
23 2.016240521
23 2.176997085
23 1.979707196
24 1.964261001
24 2.285970643
24 2.024264057
24 2.051375228
24 1.962095937
24 2.030634531
24 1.967412951
24 2.328457538
25 2.145481897
25 2.184447889
25 2.18321765
25 1.827747317
25 2.24288953
25 1.919399397
25 2.021780009
25 2.204800831
26 2.432821457
26 2.140197094
26 2.08544138
26 2.220436476
26 2.21497991
26 2.220179739
26 1.999241931
26 1.766928992
27 1.786964703
27 1.922598482
27 2.006964927
27 1.958039748
27 1.772734509
27 2.023682705
27 1.968256361
27 2.309902051
28 2.173445746
28 1.73988387
28 1.901020672
28 1.960038763
28 2.144972568
28 1.705308305
28 1.822196236
28 2.16453526
29 2.018254525
29 2.155124215
29 1.761102415
29 1.827060705
29 1.901392607
29 2.131399863
29 2.16696808
29 2.257596151
30 2.058822857
30 2.035567231
30 2.171686834
30 1.865296052
30 1.952387017
30 1.914814758
30 2.0848983
30 1.9519491
30 1.598023663
31 1.801310708
31 2.076932357
31 2.129574433
31 2.175648996
31 2.001518134
31 1.884519005
31 1.870584304
31 1.901465697
31 1.790043976
32 1.905044703
32 1.868000375
32 1.895880894
32 1.976111336
32 2.021846829
32 2.021303215
32 2.212311065
32 1.949125989
32 1.983193384
33 2.099446163
33 2.014119208
33 2.067492658
33 2.007424459
33 2.198482036
33 1.702288695
33 2.271331507
33 1.85902074
33 2.027612646
34 1.899946664
34 1.738397377
34 1.656212759
34 1.914385193
34 1.688693284
34 1.978272642
34 1.875026567
34 1.806783806
34 1.662093904
35 2.06072356
35 2.007241255
35 1.718214155
35 2.239652134
35 2.02982366
35 2.069051339
35 1.808168429
35 2.144691172
35 1.839510147
36 2.128927453
36 1.985062151
36 2.066438199
36 1.939492124
36 1.859321191
36 2.469200338
36 2.004579025
36 1.947034931
36 1.914748407
37 1.769074841
37 1.833568997
37 1.775751795
37 2.152292695
37 1.843514116
37 1.720799183
37 1.852734006
37 1.78037811
37 1.889972937
38 1.945995873
38 1.755376526
38 1.765663421
38 1.843966738
38 1.832800381
38 2.110529445
38 1.932255541
38 1.820158299
38 1.715989901
39 1.890102076
39 1.737507179
39 1.943052472
39 1.894918516
39 1.934526227
39 2.295216187
39 1.803883784
39 2.075745985
39 1.768004199
40 1.889446537
40 1.620474902
40 1.92590465
40 1.921195385
40 1.882097144
40 2.066713848
40 1.800731097
40 1.946778005
40 2.072564797
41 1.866612353
41 1.835457692
41 1.73746207
41 1.885603323
41 1.734799209
41 2.088266206
41 1.843958178
41 1.680598801
41 1.8533298
42 1.774313414
42 1.975693743
42 2.160821859
42 1.863502307
42 1.698077997
42 1.639429412
42 2.458921165
42 1.902316787
42 1.787675251
43 1.952954992
43 1.796846732
43 1.832767545
43 2.122705143
43 1.942869936
43 2.228705487
43 2.151417381
43 1.821437645
43 1.950980268
44 1.696751021
44 2.107355475
44 1.887002597
44 1.903420563
44 1.734957008
44 1.90603911
44 1.848205767
44 1.738403206
44 1.797840596
45 1.785341153
45 1.99968808
45 1.708218458
45 1.876435898
45 1.84690882
45 1.898888774
45 1.831364515
45 1.935022536
45 1.796172055
46 1.855758677
46 1.789525509
46 1.935434798
46 1.911301726
46 1.852489806
46 1.882827834
46 1.662477997
46 1.903558301
46 2.014748582
47 1.78736105
47 1.715988495
47 1.968854569
47 1.913455292
47 1.717905143
47 1.814009955
47 1.870672775
47 1.83928867
47 1.890131662
48 1.826123233
48 2.033236756
48 1.743229751
48 1.775852732
48 1.570301551
48 1.588321917
48 2.112457308
48 1.814570163
48 1.853220337
49 1.675793309
49 1.650416611
49 1.797826696
49 1.70379493
49 1.710830343
49 1.704321065
49 1.893057501
49 1.713682514
49 1.953478224
50 1.59911244
50 2.163015072
50 1.592557836
50 1.95790307
50 1.699871501
50 1.746726502
50 1.687949864
50 1.738341684
50 1.834862102
50 1.852789899
50 1.627455459
50 1.69767627
50 1.881948591
50 2.015108138
50 1.801346323
50 1.869602292
50 1.564391693
50 1.673503103
50 1.734126169
51 1.67568442
51 1.726817727
51 1.732734653
51 1.871227531
51 1.808926053
51 1.800455937
51 1.89843625
51 1.785648077
51 1.688864588
52 1.704910078
52 2.039766657
52 1.683812721
52 1.73171098
52 1.804927903
52 1.882186696
52 1.939357784
52 1.92477847
52 1.777320024
53 2.061453751
53 1.743950461
53 1.697280581
53 1.867096781
53 1.808604414
53 1.696925433
53 1.714640406
53 1.901646293
53 1.75018294
54 1.691756938
54 1.776588347
54 1.804453477
54 1.937505585
54 1.714715757
54 1.840081264
54 1.968470769
54 2.154703683
54 1.641928912
55 1.864079562
55 1.755973923
55 1.622670974
55 1.839836193
55 1.671591132
55 1.737743593
55 1.690986899
55 1.949871184
55 1.745109674
56 1.817941651
56 1.591494775
56 1.723230663
56 1.704044261
56 1.899981835
56 1.99385802
56 1.722239652
56 1.824471406
56 1.960035967
57 2.121564431
57 1.891295192
57 1.682158681
57 1.769451612
57 1.909209575
57 1.881846819
57 1.826776675
57 1.71003639
57 1.758578249
58 1.601298494
58 1.770936495
58 1.9699771
58 1.700529691
58 1.799631938
58 1.596132174
58 1.75555135
58 1.702667379
58 2.04655712
59 1.641867476
59 1.725237909
59 1.720690757
59 2.033802882
59 1.635975569
59 1.452137096
59 1.84431948
59 1.792077421
59 1.734346793
60 1.766174034
60 1.736022102
60 1.875168877
60 1.851706002
60 1.776512535
60 1.697159384
60 1.748910074
60 1.688245668
60 1.693316354
61 2.016205701
61 1.827635552
61 1.762469246
61 1.81760191
61 1.752832469
61 1.908025012
61 1.942973063
61 1.672225969
61 1.718321924
62 1.888590858
62 1.818414828
62 1.706396688
62 1.652312675
62 1.831269969
62 1.663098382
62 2.115195826
62 1.838385299
62 1.710202221
63 1.81226809
63 1.498482921
63 1.573683618
63 1.614280803
63 1.56916213
63 1.81390261
63 1.979294289
63 1.559467806
63 1.592733682
64 1.742397321
64 2.134150446
64 1.740376371
64 1.775999731
64 1.748427715
64 1.551685012
64 1.716224544
64 1.731034519
64 1.814141498
65 1.631714149
65 1.685053365
65 1.707510717
65 1.67876225
65 1.82017608
65 1.73617626
65 1.661679941
65 1.827142753
65 1.889833714
66 1.784352303
66 1.951081812
66 1.772527757
66 1.558952406
66 1.6820751
66 1.659537638
66 1.698006212
66 1.730751787
66 1.886587151
67 1.6300144
67 1.666890139
67 1.758336655
67 1.564833744
67 1.669235955
67 1.671236789
67 1.615665626
67 1.744460849
67 1.848403505
68 1.760523868
68 1.699243876
68 1.750569891
68 1.675053009
68 2.025845123
68 1.664986955
68 1.739947787
68 1.774030233
68 1.686856317
69 1.886232125
69 1.761319189
69 1.693797269
69 1.782448051
69 1.564726318
69 1.784498655
69 1.677506005
69 1.578917153
69 1.528815404
70 1.584781789
70 1.71172266
70 1.768610734
70 1.515497279
70 1.790863429
70 1.613348351
70 1.612500153
70 1.766042854
70 1.736084757
71 1.714248255
71 1.782093135
71 1.633504415
71 1.55102661
71 1.775126602
71 1.607695698
71 1.661766839
71 1.672777736
72 1.740273565
72 1.627709353
72 1.654221538
72 2.01772858
72 1.787188742
72 1.642993971
72 1.62812888
72 1.779218541
73 1.534840475
73 1.761173886
73 1.749275368
73 1.911073662
73 1.690340748
73 1.588258973
73 1.727991738
73 1.84667075
74 1.709049872
74 1.787024569
74 1.602748481
74 1.825004108
74 1.910039306
74 1.788746892
74 2.106725652
74 1.687927609
75 1.576932822
75 1.730587674
75 1.608302075
75 1.85737511
75 1.730051732
75 1.737702456
75 1.698310024
75 1.817805297
76 1.790727023
76 1.707530068
76 1.687217079
76 1.870752408
76 1.602908501
76 1.758702519
76 1.608041621
76 1.575038437
77 1.698149999
77 1.55649596
77 1.860848493
77 1.656057816
77 1.800354038
77 1.616672172
77 2.019417439
77 1.59473861
78 1.750353278
78 1.636254335
78 1.570515545
78 1.611464399
78 1.584971031
78 1.693054865
78 1.729776654
78 1.863535395
79 1.843756754
79 1.842431
79 1.714481672
79 1.732380462
79 1.66706497
79 1.641953745
79 1.86779103
79 1.60167472
80 1.660008981
80 1.622832311
80 1.713688155
80 1.605763556
80 1.600969067
80 1.777706992
80 1.767413283
80 1.642379933
81 1.543353975
81 1.628270293
81 1.669407495
81 1.669017662
81 1.80468677
81 1.576018492
81 1.560372098
81 1.63639803
82 1.621611273
82 1.690391993
82 1.719984189
82 1.768945977
82 1.745387575
82 1.83751727
82 1.69510344
82 1.668068402
83 1.632265403
83 1.603326461
83 1.750882439
83 1.646571138
83 1.661520008
83 1.664250696
83 1.786945728
83 1.757629137
84 1.811819574
84 1.601265045
84 1.702130486
84 1.793459458
84 1.715126622
84 1.700040353
84 1.715499859
84 1.545075992
85 1.629643892
85 1.662585972
85 1.733378214
85 1.604838992
85 1.753848658
85 1.675525495
85 1.585580767
85 1.512401071
86 1.758518773
86 1.848745117
86 1.768255953
86 1.631836857
86 1.528301312
86 1.679598136
86 1.589003707
86 1.721033727
87 1.571490316
87 1.613130406
87 1.607726998
87 1.458628487
87 1.522967629
87 1.601469056
87 1.592394927
87 1.601169015
88 1.548001034
88 1.606116863
88 1.636020325
88 1.609577135
88 1.672423513
88 1.514408548
88 1.913652071
88 1.62725717
89 1.512098715
89 1.437179183
89 1.656892932
89 1.753685815
89 1.917954778
89 1.480448098
89 1.619277898
89 1.47802418
90 1.667786429
90 1.630745841
90 1.639703963
90 1.612543519
90 1.583830574
90 1.599756258
90 1.622116896
90 1.668687647
91 1.60215871
91 1.626363479
91 1.545057684
91 1.562182664
91 1.625065585
91 1.572887178
91 1.700493601
91 1.539244516
92 1.471936114
92 1.70831846
92 1.633458782
92 1.616980513
92 1.721999483
92 1.678986461
92 1.501342202
92 1.691746071
93 1.767168515
93 1.539904916
93 1.647055759
93 1.656648863
93 1.713420035
93 1.736734307
93 1.748530109
93 1.588719082
94 1.52381088
94 1.642806256
94 1.702779626
94 1.595999722
94 1.812100676
94 2.044051269
94 1.548709569
94 1.694150171
95 1.674628307
95 1.693692878
95 1.512804392
95 1.620559246
95 1.445002193
95 1.634644525
95 1.458110045
95 1.60036966
96 1.850760514
96 1.663927835
96 1.574826876
96 1.6751864
96 1.613546411
96 1.635080389
96 1.648765702
96 1.517374212
97 1.624164416
97 1.539140469
97 1.578706009
97 1.660632381
97 1.655078616
97 1.431034916
97 1.721067792
97 1.638220353
98 1.922030155
98 1.651297708
98 1.635932192
98 1.673708775
98 1.74504909
98 1.762725453
98 1.547700589
98 1.812532785
99 1.645619853
99 1.607656512
99 1.606351486
99 1.665522634
99 1.586418546
99 1.671584509
99 1.564151607
99 1.69749987
100 1.614128768
100 1.604356062
100 1.611958989
100 1.671882597
100 1.587167069
100 1.556417954
100 1.598279744
100 1.708172038
100 1.576380405
100 1.652482665
100 1.634736846
100 1.783397293
100 1.612668964
100 1.532108904
100 1.67958783
100 1.612176428
100 1.649857551
100 1.52997366
100 1.595580569
100 1.683326618
100 1.650935485
100 1.721706537
100 1.561141799
100 1.54489771
100 1.658066692
100 1.663058459
100 1.533950271
100 1.582214375
100 1.740378416
100 1.652375991
100 1.751797724
100 1.925778436
100 1.686953678
100 1.897105583
100 1.718628636
100 1.827061357
100 1.532161822
100 1.821904949
100 1.814426895
100 1.483327396
100 1.551868916
100 1.625266238
100 1.562188594
100 1.614878199
100 1.599198264
100 1.657600261
100 1.613868839
100 1.524489971
100 1.550792522
100 1.605990408
100 1.715226948
100 1.74108274
100 1.709622432
100 1.5027199
100 1.883272119
100 1.6130949
100 1.53549883
100 1.605709187
100 1.487958988
100 1.550989056
100 1.652931713
100 1.534883052
100 1.724108946
100 1.731672726
100 1.940434022
100 1.564061707
100 1.704913474
100 1.562950602
100 1.660563742
100 1.603984825
100 1.705469901
100 1.683055195
100 1.950942441
100 1.519424346
100 1.643388097
100 1.672015937
100 1.647231294
100 1.619264522
100 1.528038875
100 1.581281726
100 1.543943802
100 1.595988886
100 1.54885271
100 1.52595255
100 1.574621943
100 1.656175551
100 1.568815323
100 1.622471255
100 1.606631264
100 1.903299702
100 1.574014464
100 1.455808881
100 1.802517487
100 1.704833978
100 1.756525878
100 1.425617183
100 1.551304615
100 1.499909681
100 1.714030983
100 1.588254674
100 1.627231794
100 1.624940318
100 1.64625071
100 1.627142213
100 1.571485538
100 1.722545455
100 1.521372123
100 1.686729725
100 1.77490425
100 1.572602884
100 1.55485903
100 1.75667217
100 1.772064994
100 1.583004372
100 1.660561398
100 1.580551419
100 1.513245132
100 1.661689339
100 1.604164558
100 1.621460378
100 1.607675014
100 1.570502491
100 1.537965662
100 1.661096495
100 1.562296904
100 1.53880999
100 1.509795114
100 1.656242639
100 1.587386709
100 1.972465384
100 1.694282078
100 1.641454782
100 1.815865942
100 1.57790848
100 1.662316829
100 1.928748518
100 1.539536883
100 1.602767311
100 1.571129944
100 1.590387849
100 1.591331791
100 1.816613428
100 1.679031992
100 1.628423785
100 1.524423549
100 1.608446845
100 1.623729132
100 1.591515901
100 1.643724289
100 1.601502752
100 1.490054158
100 1.639665993
100 1.650395642
100 1.627408629
100 1.577942021
101 1.579206552
101 1.560080525
101 1.538958963
101 1.755730234
101 1.483616862
101 1.585814835
101 1.526515728
101 1.671171007
101 1.649132579
101 1.600658781
102 1.389838758
102 1.624136577
102 1.644158071
102 1.528190872
102 1.524591453
102 1.439638495
102 1.491592734
102 1.512335836
102 1.459351354
102 1.635535363
103 1.542020706
103 1.638693068
103 1.714747705
103 1.454603556
103 1.484006354
103 1.565568736
103 1.527403517
103 1.561159711
103 1.502766825
103 1.643262925
104 1.655692233
104 1.823185468
104 1.572707925
104 1.66423463
104 1.667398049
104 1.504086214
104 1.555424809
104 1.54581853
104 1.518437532
104 1.545804987
105 1.605964835
105 1.448293316
105 1.546217601
105 1.527362118
105 1.637595453
105 1.516580533
105 1.48831615
105 1.522713545
105 1.581628843
105 1.762540587
106 1.607923545
106 1.579148372
106 1.632244877
106 1.67500609
106 1.469691472
106 1.55196625
106 1.521432955
106 1.882038214
106 1.717690639
106 1.551742846
107 1.596481678
107 1.538833715
107 1.567634431
107 1.567070929
107 1.701564759
107 1.660780861
107 1.572210281
107 1.655893961
107 1.66376184
107 1.67187558
108 1.575118334
108 1.519869892
108 1.522722181
108 1.567917112
108 1.677393432
108 1.41756533
108 1.584908148
108 1.692773273
108 1.503110994
108 1.527859792
109 1.6020413
109 1.679558709
109 1.676674443
109 1.703498211
109 1.626396442
109 1.551253305
109 1.545662808
109 1.49656747
109 1.693310696
109 1.642401118
110 1.631831182
110 1.599414247
110 1.589340564
110 1.486463618
110 1.594316995
110 1.597512537
110 1.753103622
110 1.669025309
110 1.582754928
110 1.537588059
111 1.844110332
111 1.654354675
111 1.548946106
111 1.602624227
111 1.505295923
111 1.665573042
111 1.512847849
111 1.527768337
111 1.561923277
111 1.662773539
112 1.662283527
112 1.560295533
112 1.718338677
112 1.513371387
112 1.708456714
112 1.733071321
112 1.535115578
112 1.674297008
112 1.651894265
112 1.614538126
113 1.657518228
113 1.656178917
113 1.67359355
113 1.645070385
113 1.474946277
113 1.462107236
113 1.55875808
113 1.579484484
113 1.539239395
113 1.571482886
114 1.522805707
114 1.653736497
114 1.549676298
114 1.559237924
114 1.535755149
114 1.501085673
114 1.508484271
114 1.432049116
114 1.610339681
114 1.472708496
115 1.510783222
115 1.597388333
115 1.547851668
115 1.440949589
115 1.538730385
115 1.543296475
115 1.581235756
115 1.520983856
115 1.530139991
115 1.462155538
116 1.447322635
116 1.6264232
116 1.651075421
116 1.422595934
116 1.563200123
116 1.58496823
116 1.508402379
116 1.602633142
116 1.603599826
116 1.5993288
117 1.650367874
117 1.548995593
117 1.618859888
117 1.539513663
117 1.500488969
117 1.515484286
117 1.65477036
117 1.583016715
117 1.571230959
117 1.584854019
118 1.711433053
118 1.56762947
118 1.524795152
118 1.605984005
118 1.600859852
118 1.543296812
118 1.589082218
118 1.491838607
118 1.658416981
118 1.629164313
119 1.662249606
119 1.671317109
119 1.535016425
119 1.741454472
119 1.576481115
119 1.599655066
119 1.668529068
119 1.483609617
119 1.626380726
119 1.546198812
120 1.628654018
120 1.614417055
120 1.742013089
120 1.544364024
120 1.661482312
120 1.534420262
120 1.621484367
120 1.594750162
120 1.614551991
120 1.485107963
121 1.584342779
121 1.57874796
121 1.515186705
121 1.672207377
121 1.594417106
121 1.572662386
121 1.621860772
121 1.669548018
121 1.50935476
121 1.665471716
122 1.679499076
122 1.51546568
122 1.591944378
122 1.543157541
122 1.854755343
122 1.467203867
122 1.636899506
122 1.575812795
122 1.486891726
122 1.480837245
123 1.566291615
123 1.511701872
123 1.640721262
123 1.577891121
123 1.551524263
123 1.549230295
123 1.468986601
123 1.470453764
123 1.493921163
123 1.611148049
124 1.676497628
124 1.47991764
124 1.580403341
124 1.660288005
124 1.476363066
124 1.452476144
124 1.553071466
124 1.579999598
124 1.605552047
124 1.426616824
125 1.454743215
125 1.577626475
125 1.562608197
125 1.545056608
125 1.496531633
125 1.594492841
125 1.603452
125 1.616005218
125 1.703828748
125 1.545901697
126 1.638561504
126 1.517385184
126 1.527500068
126 1.577208494
126 1.599426781
126 1.521692019
126 1.582360102
126 1.507148596
126 1.606608726
126 1.553968127
127 1.571485539
127 1.485240421
127 1.568739308
127 1.539508001
127 1.701561528
127 1.574233272
127 1.686793011
127 1.544356572
127 1.590190132
127 1.545937685
128 1.451224587
128 1.572359804
128 1.566215278
128 1.51375509
128 1.488400002
128 1.534775661
128 1.517864282
128 1.611724023
128 1.468144398
128 1.466712561
129 1.586881551
129 1.606238878
129 1.531624052
129 1.645446898
129 1.569141662
129 1.617241738
129 1.404774743
129 1.647662852
129 1.607837258
129 1.590052399
130 1.473050587
130 1.532910171
130 1.530340936
130 1.480955282
130 1.50173348
130 1.584496937
130 1.497414977
130 1.509044206
130 1.374849908
130 1.541742968
200 1.43527631
200 1.592662018
200 1.449024179
200 1.393824156
200 1.637433105
200 1.475881378
200 1.471574562
200 1.489077274
200 1.469255568
201 1.417906509
201 1.484320332
201 1.55041561
201 1.568125304
201 1.385479621
201 1.452043988
201 1.47432597
201 1.498165657
201 1.500723581
202 1.481955413
202 1.414331593
202 1.375250444
202 1.455226911
202 1.611683453
202 1.594757881
202 1.443487308
202 1.456530502
202 1.43021678
203 1.533020657
203 1.481653645
203 1.449234185
203 1.417700172
203 1.417929145
203 1.493770435
203 1.44681631
203 1.431181451
203 1.455618241
204 1.473943344
204 1.483103923
204 1.428842357
204 1.459222909
204 1.461878668
204 1.535093375
204 1.471093701
204 1.493855025
204 1.458976926
205 1.589742582
205 1.485779273
205 1.457913601
205 1.515855129
205 1.479410519
205 1.482514916
205 1.403406955
205 1.489436702
205 1.458157387
206 1.435378909
206 1.513942889
206 1.591869908
206 1.442014447
206 1.476457642
206 1.46872613
206 1.46735467
206 1.492957312
206 1.443738291
207 1.444392334
207 1.519558425
207 1.403345458
207 1.439443023
207 1.459408661
207 1.397975754
207 1.489799028
207 1.425117464
207 1.403624783
208 1.419133711
208 1.413597383
208 1.496242606
208 1.465485263
208 1.527341494
208 1.446607927
208 1.506136671
208 1.400387128
208 1.601842249
209 1.437918146
209 1.499113064
209 1.470783784
209 1.42826811
209 1.402007893
209 1.480878458
209 1.472939687
209 1.451162482
209 1.76393938
210 1.394566344
210 1.51140231
210 1.455068244
210 1.438455766
210 1.484370589
210 1.432618532
210 1.455760703
210 1.475732483
210 1.397166556
211 1.359276952
211 1.427935288
211 1.488013885
211 1.545808194
211 1.539539866
211 1.564013207
211 1.421786247
211 1.433626991
211 1.396893913
212 1.419338432
212 1.408122099
212 1.393140584
212 1.469046645
212 1.45162228
212 1.523079134
212 1.496133977
212 1.411668386
212 1.433700115
213 1.44681509
213 1.499873599
213 1.424722813
213 1.523967652
213 1.374167228
213 1.416257511
213 1.570700635
213 1.415213848
213 1.541658008
214 1.508384456
214 1.521785994
214 1.450944853
214 1.511936077
214 1.408479691
214 1.410653048
214 1.445256577
214 1.561269069
214 1.43669483
215 1.407598207
215 1.433435504
215 1.474255818
215 1.55736761
215 1.465591618
215 1.462024842
215 1.446942977
215 1.397748359
215 1.512638615
216 1.441165049
216 1.437741665
216 1.462320622
216 1.533580135
216 1.491883983
216 1.417764925
216 1.42700876
216 1.459567227
216 1.43661777
217 1.413680849
217 1.389683183
217 1.433186224
217 1.513432126
217 1.406579678
217 1.480722231
217 1.474355784
217 1.437099801
217 1.455296199
218 1.508679873
218 1.370984439
218 1.429618522
218 1.357774954
218 1.454520413
218 1.425342427
218 1.477766911
218 1.556260832
218 1.391674872
219 1.488764028
219 1.451019338
219 1.570495605
219 1.497484433
219 1.417009824
219 1.435783298
219 1.366913483
219 1.425572479
219 1.453044031
220 1.483529534
220 1.465971639
220 1.408018981
220 1.498570486
220 1.490687171
220 1.459206578
220 1.486822849
220 1.384580078
220 1.448437098
300 1.435922661
300 1.369462934
300 1.341051048
300 1.415857106
300 1.411199797
300 1.385245306
300 1.383714726
300 1.426262824
301 1.376000562
301 1.383079267
301 1.419952765
301 1.364123103
301 1.429570433
301 1.389651007
301 1.392560815
301 1.448061476
302 1.433135041
302 1.348687869
302 1.40355833
302 1.358504387
302 1.366783759
302 1.399463764
302 1.38699331
302 1.433541443
303 1.357689816
303 1.317856064
303 1.371749889
303 1.414486088
303 1.360648831
303 1.352355907
303 1.423971143
303 1.430576631
304 1.397876409
304 1.428763265
304 1.446083059
304 1.388420495
304 1.434716912
304 1.361701579
304 1.380416802
304 1.41205585
305 1.373990778
305 1.374476243
305 1.40193726
305 1.376819238
305 1.380343494
305 1.423018271
305 1.402508667
305 1.372755983
306 1.338104303
306 1.385089038
306 1.392894768
306 1.391035703
306 1.447513994
306 1.37813131
306 1.366178579
306 1.395127678
307 1.411254877
307 1.357661803
307 1.434477079
307 1.395912082
307 1.416403039
307 1.4474099
307 1.39514297
307 1.417654499
308 1.39206188
308 1.404401801
308 1.3638431
308 1.446849331
308 1.338234965
308 1.435679172
308 1.423192046
308 1.393610376
309 1.351992815
309 1.414528539
309 1.358075646
309 1.378907489
309 1.340515339
309 1.374547557
309 1.375997809
309 1.477643524
310 1.427386225
310 1.472487164
310 1.376791067
310 1.35380993
310 1.381399504
310 1.357065616
310 1.372369838
310 1.351237226
400 1.369359698
400 1.319397008
400 1.378548279
400 1.354526172
400 1.367831962
400 1.36620015
400 1.365214773
400 1.33057005
400 1.378693163
400 1.374445655
400 1.341897357
400 1.465449714
400 1.371269829
400 1.384495613
400 1.386631947
400 1.402624745
400 1.371099718
400 1.312726701
400 1.379259903
401 1.345875921
401 1.398011636
401 1.385556309
401 1.375454646
401 1.39978918
401 1.360509687
401 1.393038686
401 1.364753402
401 1.399722093
402 1.406408339
402 1.389876547
402 1.379786595
402 1.374171964
402 1.419082507
402 1.391711042
402 1.360245814
402 1.395193557
402 1.389592651
403 1.373451799
403 1.401757483
403 1.356039867
403 1.420784016
403 1.374147862
403 1.430812091
403 1.348026499
403 1.353566088
403 1.371788438
404 1.362694229
404 1.433684308
404 1.314793454
404 1.393082455
404 1.377925127
404 1.310483914
404 1.355569507
404 1.346583406
404 1.364280898
405 1.326180161
405 1.345775782
405 1.375855357
405 1.333771007
405 1.349089655
405 1.352917962
405 1.372040065
405 1.402200408
405 1.421125946
406 1.363717967
406 1.313798521
406 1.378990404
406 1.356577318
406 1.390530697
406 1.350984842
406 1.373196055
406 1.464639377
406 1.398344908
407 1.392187944
407 1.366908506
407 1.343294837
407 1.370408988
407 1.352437326
407 1.438269779
407 1.40657992
407 1.305378026
407 1.353373598
408 1.382920672
408 1.325701524
408 1.349994314
408 1.359198565
408 1.314640207
408 1.34169294
408 1.377691104
408 1.416046297
408 1.311931414
409 1.366279123
409 1.371062666
409 1.365502324
409 1.393479617
409 1.387839767
409 1.353937105
409 1.350739782
409 1.374151777
409 1.376340478
410 1.365179955
410 1.357785893
410 1.377158687
410 1.3337651
410 1.335253414
410 1.446665369
410 1.341789317
410 1.342375165
410 1.365850779
1000 1.293240905
1000 1.299319389
1000 1.318062779
1000 1.319328771
1000 1.289471721
1000 1.283924671
1000 1.343006868
1000 1.328608166
1000 1.317940396
1000 1.319870627
1000 1.285948866
1000 1.336794751
1000 1.328287936
1000 1.287071873
1000 1.301132548
1000 1.299833284
1000 1.257864968
1000 1.311587772
1000 1.293084976
1001 1.316029877
1001 1.299990629
1001 1.303644492
1001 1.287144692
1001 1.315055226
1001 1.330514345
1001 1.323403081
1001 1.320321142
1001 1.311967624
1002 1.296520744
1002 1.301088265
1002 1.30922481
1002 1.326331911
1002 1.321219933
1002 1.272820419
1002 1.319516544
1002 1.315633727
1002 1.307423323
1003 1.320745968
1003 1.310077228
1003 1.337266172
1003 1.296338444
1003 1.330262478
1003 1.313428914
1003 1.317623125
1003 1.317222858
1003 1.327914313
1004 1.321903534
1004 1.272426619
1004 1.307793539
1004 1.325379669
1004 1.29705097
1004 1.305072752
1004 1.319903418
1004 1.316090887
1004 1.315957143
1005 1.335576431
1005 1.346997746
1005 1.353305083
1005 1.310924791
1005 1.314987967
1005 1.321062293
1005 1.300962491
1005 1.305342661
1005 1.342065388
1006 1.303760057
1006 1.324330675
1006 1.28929767
1006 1.30464685
1006 1.328575127
1006 1.328457833
1006 1.321171289
1006 1.285034022
1007 1.321198675
1007 1.302023171
1007 1.320139709
1007 1.313521745
1007 1.319724908
1007 1.323810559
1007 1.306186916
1007 1.301117215
1008 1.323884767
1008 1.313494562
1008 1.320049693
1008 1.294224704
1008 1.293922008
1008 1.350195301
1008 1.315378922
1008 1.29519065
1009 1.303242574
1009 1.311846946
1009 1.275000533
1009 1.32297434
1009 1.324453421
1009 1.313148413
1009 1.326968335
1009 1.314353992
1010 1.312956459
1010 1.325273869
1010 1.320858435
1010 1.312528463
1010 1.320607638
1010 1.318341013
1010 1.31774648
1010 1.282380938
10000 1.269044197
10000 1.297010583
10000 1.313060932
10000 1.29902523
10000 1.297811103
10000 1.268298046
10000 1.270509455
10000 1.314222319
10001 1.257648665
10001 1.31162375
10001 1.308499353
10001 1.295880484
10001 1.281573718
10001 1.267245878
10001 1.264131109
10001 1.265309322
10002 1.292823671
10002 1.300378646
10002 1.279973543
10002 1.270521574
10002 1.308753879
10002 1.292855061
10002 1.296554913
10002 1.310801948
10003 1.306718597
10003 1.30426128
10003 1.259090846
10003 1.25662906
10003 1.295794275
10003 1.286943421
10003 1.266504008
10003 1.262553824
10004 1.263597965
10004 1.302259342
10004 1.286142953
10004 1.284605952
10004 1.28045542
10004 1.29016007
10004 1.306397531
10004 1.281873372
10005 1.306920614
10005 1.283655987
10005 1.255056415
10005 1.278126978
10005 1.266288206
10005 1.284411108
10005 1.309894714
10005 1.294899627
10006 1.279022272
10006 1.300094243
10006 1.316881459
10006 1.273374775
10006 1.291299704
10006 1.265635258
10006 1.280994361
10006 1.304717219
10007 1.304467235
10007 1.261088745
10007 1.278239223
10007 1.295593598
10007 1.31568052
10007 1.289614234
10007 1.248698104
10007 1.284714024
10008 1.284779997
10008 1.292582958
10008 1.284680055
10008 1.307603413
10008 1.26111157
10008 1.281673798
10008 1.257337119
10008 1.30817535
10009 1.325138962
10009 1.286510594
10009 1.262064742
10009 1.29768132
10009 1.278986136
10009 1.267956811
10009 1.313734516
10009 1.279416972
10010 1.303387142
10010 1.272693121
10010 1.293188284
10010 1.291303616
10010 1.280585952
10010 1.251213758
10010 1.293701798
10010 1.311220269
