300 2.0576340878
300 2.15275603529
300 2.20109018544
300 2.14760408848
300 2.09463663449
300 2.01472434586
600 2.21990699432
600 2.07702772054
600 2.18908109506
600 2.16594620506
600 2.08080915893
600 2.14295306969
1000 2.2069887414
1000 2.14600421044
1000 2.16094455529
1000 1.97096316037
1000 2.07561101589
1000 2.12718854014
2000 2.09938964094
2000 2.14706347443
2000 2.16184588366
2000 2.10201846384
2000 2.14312543142
2000 2.17947121781
3000 2.00946623807
3000 2.13286471538
3000 2.17573964412
3000 2.1778538587
3000 2.19182960528
3000 2.1065909571
3000 2.07494024982
3000 1.99901715793
3000 2.11606001963
3000 2.11883830079
3000 2.18029460176
3000 2.11884019467
4000 2.07278604726
4000 2.19580034465
4000 2.19870097637
4000 2.06843672888
4000 2.18432988369
4000 2.1482704764
4000 2.17556223919
4000 2.16043851189
4000 2.20137000412
4000 2.0727939648
4000 1.98091489175
4000 2.1349538851
5000 2.09566763288
5000 2.01173301637
5000 2.05150934926
5000 2.19907806932
5000 2.02062665734
5000 2.0531883313
5000 2.05375024568
5000 2.16608812805
5000 2.23882884982
5000 1.97163637003
5000 2.17779804023
5000 2.14686650165
6000 2.01795846008
6000 2.01634273685
6000 2.04525842624
6000 2.27253609785
6000 2.01897860439
6000 2.19481832771
6000 2.04458811407
6000 2.02352837041
6000 2.04196667434
6000 2.05751337077
6000 2.17514795974
6000 2.20092756456
7000 1.9709775961
7000 2.17346333598
7000 1.99382825005
7000 2.21062299256
