2 2.652482368
2 3.059620163
3 2.514531251
3 2.867143809
3 2.911456975
4 2.579295085
4 2.825317419
4 3.089915784
5 3.021596847
5 2.487751874
5 2.709067435
6 2.956016767
6 2.403635873
6 2.708148937
7 2.900824524
7 2.688999858
7 2.502569877
8 2.928831891
8 2.359342926
8 2.366905995
9 2.418904728
9 2.441926151
9 2.250645425
10 2.631259155
10 2.946211929
10 2.708990055
20 2.91273983
20 2.21643016
20 2.317613612
30 2.699856026
30 2.620839473
40 2.622831508
40 2.435343936
50 2.189385974
50 2.337249349
60 2.321470159
60 2.206617477
70 2.140975123
70 2.121447773
80 2.192449465
80 2.054097015
90 1.822656488
90 1.998833789
100 1.861062575
100 2.0742559
100 1.922051629
200 1.746652861
200 1.853589823
200 1.768259528
300 1.724469045
300 1.620439055
300 1.758509406
400 1.697946993
400 1.769820791
400 1.64802367
600 1.689798316
600 1.663838737
600 1.641214965
1000 1.629681798
1000 1.635271747
