1 8.84317047793
1 7.7138516804
1 14.6683558978
1 11.6488815054
1 16.5846619149
1 7.6100256473
1 16.3793521984
1 13.4063685873
1 8.36910462916
1 14.9432194214
1 23.7427241208
1 11.0979383142
1 7.70751166346
1 17.4213745152
1 16.6358368843
1 10.2715511444
1 26.6648956632
1 19.5558853337
1 11.0365560976
1 8.80051273176
1 5.81893343541
1 9.87476422797
1 7.62386521635
1 8.39010618281
1 23.5654816349
1 27.204489849
1 18.0108182506
1 29.2649953918
1 22.5441563696
1 20.0013942215
1 14.312516845
1 21.7756584154
1 18.0828484962
1 8.2157280366
1 7.12660105545
1 6.79464154618
1 8.87043224223
1 10.2494391313
1 11.7793054056
1 21.324926644
1 26.0328205229
1 13.4831014946
1 7.77115997781
1 10.8775668072
1 11.8608308431
1 13.4664042578
1 9.36011706882
1 25.1447165623
1 11.3530378972
1 15.4443702212
1 10.9926464227
1 10.7319258039
1 10.5084665135
1 18.4207874678
1 9.6003000615
1 15.8293008729
1 27.5816796378
1 9.84902287694
1 21.344553329
1 8.0483245557
1 8.83656100645
1 23.2336394127
1 6.93101928091
1 15.0512265873
1 27.1188634292
1 11.4654799279
1 21.7290540964
1 12.4177928138
1 9.74205199215
1 17.8521966978
1 23.4906481837
1 13.9540168435
1 21.135243475
1 11.8490346955
1 12.3340988142
1 6.44315355892
1 9.907182129
1 15.8865389238
1 15.5336325064
1 19.9334045053
1 12.1002994554
1 12.6908053383
1 22.5052892402
1 4.78426823363
1 7.97417299003
1 15.4645813639
1 11.733429157
1 26.0316878622
1 10.2907063749
1 10.4671525931
1 12.870300712
1 18.909137192
1 21.903911297
1 20.102727655
1 14.8032229547
1 11.2427270116
1 10.7999283252
1 16.3693894675
1 24.1275697154
2 18.5884082186
2 13.2174633938
2 11.0715926737
2 12.6623322855
2 16.0053737677
2 25.6483861126
2 10.2517218149
2 16.4045462863
2 6.28597004374
2 10.5306193688
2 14.6858545162
2 12.3373210159
2 7.21524934366
2 11.091354189
2 14.7080664086
2 16.9443829471
2 8.68453341221
2 7.88608907826
2 7.98397353352
2 12.1357375334
2 26.4091321998
2 14.349671758
2 9.51962167594
2 10.1133560613
2 12.8052765473
2 14.7736015694
2 11.7874128119
2 11.3029508759
2 16.9648020448
2 16.8324269536
2 12.7013102289
2 21.6150116652
2 21.9813092866
2 11.9462079519
2 10.9020357828
2 20.5435275066
2 16.6393726852
2 7.59294848467
2 20.106656085
2 12.2498361594
2 8.4047447942
2 13.0685510002
2 23.0317577196
2 9.92401438139
2 22.9683001022
2 11.4441981421
2 17.1024183948
2 11.9811481596
2 20.7332048282
2 15.0068197499
2 25.9170469032
2 20.9105846398
2 23.6858616952
2 15.7350790986
2 17.3334526088
2 9.82569790306
2 19.3003014834
2 8.64137033029
2 9.51266566296
2 13.8441710033
2 10.5627625629
2 12.8355256452
2 21.1633108999
2 15.5247109009
2 25.4151363787
2 9.61476594028
2 9.79388599982
2 10.5468951831
2 21.6776079242
2 10.3549095606
2 12.3363312262
2 9.42396412866
2 11.3737091582
2 9.6101269024
2 10.5276269673
2 7.63677454404
2 10.9856687519
2 13.2000461438
2 10.3087525266
2 16.254752886
2 22.4928814408
2 21.2854832856
2 9.67676712947
2 14.7706930794
2 11.5467627162
2 18.5373611712
2 11.1055146429
2 7.3046611462
3 8.41335099802
3 13.5545174298
3 12.6283150462
3 8.27051896878
3 19.3729382205
3 8.0758846744
3 13.8384701885
3 12.5898342696
3 33.5460017906
3 14.1724774162
3 19.9236612632
3 12.577311011
3 8.81380816166
3 12.2327705183
3 9.07318905826
3 8.33008779359
3 9.64880703198
3 10.8578957187
3 7.24257798197
3 9.0833806086
3 7.56804351649
3 8.20573723724
3 7.65745047585
3 21.9661378567
3 5.50690234974
3 9.2472396396
3 11.9739653325
3 15.5275075293
3 10.720935554
3 13.5897506474
3 8.34154084443
3 11.4481929976
3 8.51127880549
3 12.8300155347
3 7.63644393137
3 23.2200895182
3 18.3300127596
3 32.7800537616
3 12.6121965332
3 13.8396045897
3 14.3061874161
3 17.0033961041
3 11.8239414172
3 3.69140147375
3 17.4601397601
3 11.3356331659
3 7.14364410696
3 9.44336926974
3 10.4717101314
3 10.2708981575
3 10.8929426685
3 13.0617173454
3 6.71193876694
3 9.93219426712
3 7.646904024
3 7.55501269119
3 16.7069797261
3 16.6751205116
3 4.3511049703
3 13.8406843342
3 17.0980033594
3 17.2863455532
3 12.3247200421
3 12.5184295519
3 3.93019088084
3 13.0110508306
3 12.4532826777
3 15.0748566609
3 18.8480226684
3 7.42245422435
3 11.1940909842
3 5.74352697314
3 10.5032874626
3 11.0138936446
3 8.1893601914
3 12.3316671693
3 11.538325168
3 23.4042874815
3 13.1878579942
3 12.3864161606
3 14.528894396
3 16.2512177409
3 20.4316470771
3 17.198869323
3 22.7195836797
3 10.4738172915
3 9.08607146169
3 9.7814227067
3 9.45818743027
4 9.33253121881
4 8.54004900138
4 13.9057200419
4 19.9315176727
4 6.02475134749
4 8.64327810354
4 19.1063874492
4 14.3147678072
4 8.15645910244
4 12.6080331909
4 16.6087354575
4 23.7839028395
4 25.6547527053
4 7.92669301573
4 13.0155521676
4 16.9276382861
4 26.9416801648
4 15.2501944326
4 18.2670950754
4 8.0125981119
4 16.5815467172
4 12.9146301061
4 17.0455657441
4 11.072845999
4 23.2114445272
4 11.0960235092
4 6.37943133143
4 18.5969808257
4 7.07106068881
4 15.7420233703
4 11.0085496737
4 19.2439391306
4 13.6276091418
4 10.8851146776
4 6.45776028777
4 15.9838992212
4 7.95650993348
4 6.73110509634
4 13.9328282452
4 10.1907692038
4 5.93049272683
4 10.4135462236
4 25.9511775836
4 14.9033638281
4 10.7145947064
4 10.9721534541
4 18.2684212165
4 7.79095268678
4 10.0112508645
4 9.38754230498
4 16.125420244
4 15.4733720381
4 8.52993834979
4 13.525308275
4 16.0677671093
4 17.2672865375
4 12.0608396785
4 9.76450396145
4 9.13345128079
4 12.5250980481
4 18.8436099911
4 8.42762198916
4 9.05275609915
4 12.0381697651
4 7.28123345039
4 15.6624162484
4 23.7350403005
4 16.0903179161
4 17.5653231902
4 14.9502007451
4 9.77987597073
4 24.0915491498
4 14.7738014896
4 8.50709072639
4 20.0019310524
4 16.2666494256
4 8.94206757909
4 12.9263417384
4 7.56745435891
4 8.45554014388
4 8.33607891845
4 8.86977020711
4 11.1893376046
4 22.285698988
4 16.5881658992
4 12.1686942415
4 7.91535445487
4 10.7311432179
4 12.9635706786
5 10.1792651885
5 15.629127375
5 16.757333833
5 8.13505898241
5 5.87340255474
5 17.7206788302
5 9.65737246911
5 9.47314026824
5 10.1009533763
5 22.483984578
5 7.43330838518
5 11.9561151704
5 16.1092615395
5 9.72811516229
5 7.81915269608
5 15.4607274583
5 18.9776904439
5 8.93165563123
5 12.5647556391
5 17.2368235698
5 23.2628107695
5 10.7101756926
5 11.8518931718
5 8.51445523646
5 8.88725872353
5 19.6314399214
5 9.72349311701
5 7.2339920278
5 21.0675821309
5 6.4228736186
5 18.6469733634
5 13.8582526301
5 6.75626538789
5 17.1479797339
5 14.4762756193
5 10.3592509161
5 16.8445268398
5 21.5531060027
5 9.87723537713
5 10.0602580669
5 15.5048858616
5 14.8924937808
5 9.01628586951
5 9.89170037805
5 16.8712292682
5 15.2000411601
5 14.5117251392
5 22.3235563398
5 14.8284846854
5 10.8367669554
5 15.7227186027
5 14.5840190462
5 15.3763743227
5 9.48564293794
5 7.1376183899
5 12.9202573158
5 17.6581469881
5 13.0289201989
5 11.1620514412
5 6.53390939078
5 9.25253452963
5 12.5635791409
5 9.02187396549
5 27.6465853928
5 14.4507396117
5 14.5043873478
5 21.600339023
5 11.4474884015
5 7.79425163426
5 13.711287855
5 24.1958036953
5 16.8893654392
5 7.8700269948
5 21.164483125
5 20.9254682616
5 15.7169120288
5 14.444057356
5 17.963701589
5 6.21134631388
5 7.27583580525
5 11.4622398601
5 6.22753415329
5 20.6006281545
5 17.3071169537
5 8.97670878514
5 11.7889386771
5 10.2267604649
5 8.65878289309
5 24.9818461431
6 10.1902770884
6 12.7946695133
6 7.586629094
6 9.57282249717
6 11.6152351272
6 10.8209706238
6 21.2199441203
6 8.97295580968
6 18.6846833401
6 16.0518455379
6 15.8348879691
6 7.14432805915
6 19.2566174732
6 12.646672776
6 10.4231655335
6 8.12518112701
6 9.28172105069
6 15.2424446051
6 8.41487359085
6 11.4330003274
6 16.0831876811
6 14.8379410003
6 17.6758196293
6 11.3831199669
6 9.52723399391
6 15.004802761
6 6.89948096565
6 9.14282451333
6 8.56497827051
6 6.04007821048
6 18.2702062644
6 16.7441967483
6 18.5467771368
6 13.8738793145
6 15.6743603414
6 9.71799125741
6 13.0119282628
6 21.5210925005
6 9.17704667719
6 16.5625516933
6 5.46954958577
6 22.8744745155
6 18.7145817974
6 15.0875449433
6 13.3584097135
6 11.3588482101
6 16.9516474406
6 9.76270303046
6 12.4206015497
6 10.2806681227
6 11.4620531601
6 6.72515788703
6 7.74726502514
6 16.8098867392
6 12.6540046607
6 18.3483589799
6 15.6897317457
6 22.0929162685
6 18.4599032913
6 13.0437037218
6 9.90903134436
6 13.6131735964
6 16.6151626276
6 13.6499121239
6 9.79081435045
6 13.2907755865
6 22.7979705738
6 7.08387045323
6 10.9060808825
6 13.1135662502
6 12.4480784557
6 10.8363730291
6 11.5554581398
6 9.62539694268
6 29.9428185433
6 8.29394791079
6 10.3087221477
6 11.1454474835
6 14.4547208246
6 7.69324358456
6 11.1959007544
6 7.94823169673
6 16.3259983699
6 7.76785316447
6 10.2883748313
6 9.14965948372
6 9.92471961034
6 9.36810522935
6 11.6749351563
7 5.65075132103
7 13.2436373268
7 11.3385171726
7 8.40524293978
7 8.23570944675
7 32.2407077509
7 12.7713750388
7 10.8180166937
7 7.60721434549
7 30.2386422058
7 25.4626667759
7 7.66468276025
7 10.7046298006
7 17.5769209058
7 10.0017814278
7 11.2255633691
7 14.3961789795
7 13.0868266635
7 18.1377285281
7 9.46626183789
7 12.2146306596
7 13.0505532638
7 5.98397231796
7 15.0598146805
7 8.02917151939
7 9.64360788931
7 9.63592772262
7 17.1642842586
7 20.7811815512
7 12.7049143218
7 9.91559827058
7 16.4816026909
7 9.43073968937
7 13.9566816262
7 13.2838468344
7 8.25487661748
7 9.66622642325
7 18.1460176305
7 21.0417092275
7 8.30478706528
7 13.8550001821
7 7.41047035024
7 7.96211788783
7 6.55019916097
7 10.8233180788
7 9.22390061842
7 15.0930958992
7 8.58519755228
7 9.21656697211
7 14.5571142064
7 15.7403936583
7 9.09681213096
7 8.72579132882
7 13.875750162
7 18.0947482648
7 22.1296080229
7 8.26778199128
7 10.8455654394
7 14.9265676282
7 7.98719355088
7 8.47602505408
7 12.8580043253
7 23.6950437448
7 20.5435211048
7 13.7200903046
7 6.12554669556
7 7.36049566066
7 12.9771641527
7 15.6142968602
7 8.41373668955
7 5.54242408837
7 8.88700984065
7 19.5342388205
7 14.1107837741
7 18.7689310551
7 12.836076601
7 9.6325870604
7 10.0625835379
7 8.42946922799
7 10.6065483696
7 20.1631410733
7 8.519959092
7 13.094139315
7 16.709005636
7 20.5312316371
7 25.9398115362
7 11.2903668786
7 10.9845884099
7 13.8867751866
8 16.7109060846
8 10.2026867119
8 24.5640983854
8 10.79905418
8 19.2301906395
8 11.161747803
8 15.5912253234
8 7.96686007327
8 12.4285685804
8 10.7972281553
8 6.20208212693
8 26.9803649867
8 8.54441412043
8 9.98363087089
8 9.90300760053
8 6.2575422086
8 17.4690240373
8 11.0635186873
8 23.4050338279
8 7.48057933571
8 11.9139446175
8 17.241211245
8 10.9071203257
8 11.4912622745
8 9.82268871561
8 21.7438618029
8 13.6500358104
8 16.0595195515
8 11.6586717289
8 11.5529258648
8 10.536972423
8 9.54830511294
8 8.10208923257
8 8.23559431832
8 14.8028193612
8 6.18770106698
8 8.31820385263
8 10.5098168669
8 10.7631748348
8 13.9774780195
8 15.267488859
8 11.7466657925
8 8.03138963934
8 17.4529742982
8 16.5594019394
8 6.52180720926
8 12.7931358377
8 7.20022848672
8 4.71294805274
8 11.2172126492
8 6.67030784929
8 15.5230342809
8 14.9114629335
8 5.59496093065
8 10.5544959959
8 18.1464523867
8 18.9435667308
8 10.2296040344
8 13.3530428093
8 7.01206478858
8 17.028942054
8 9.29278312138
8 11.366666337
8 8.78637034182
8 7.31451306254
8 7.57850647034
8 8.70926134849
8 9.02257091927
8 8.93564703118
8 8.10160040206
8 9.94019836177
8 10.4947101785
8 22.1755476967
8 17.4532627182
8 14.0871786069
8 7.31600966815
8 10.548109373
8 8.19795753122
8 9.90876789766
8 25.0406580212
8 21.3798095192
8 13.2450202318
8 10.326716241
8 17.9433328003
8 5.86364887592
8 23.4516553519
8 13.0579824577
8 22.0056481122
8 7.29500833252
9 9.72448605099
9 8.59119991524
9 12.7914369904
9 11.5749320477
9 23.5738865615
9 3.25616710402
9 7.45593145489
9 13.9763667483
9 14.9011310964
9 10.2201298596
9 8.10909217681
9 6.45742661299
9 7.97116443374
9 8.98588791552
9 8.55391554908
9 6.66874917867
9 6.17386895052
9 13.2650304407
9 10.362097258
9 8.52583256899
9 16.6808844305
9 13.4548594372
9 9.27448841782
9 21.7136912948
9 7.25831995676
9 12.7071252776
9 14.206050397
9 5.83347411393
9 18.1445135643
9 8.8770802489
9 15.4930982154
9 9.47611626101
9 8.1243647802
9 13.3355580479
9 7.63758017142
9 22.0295961491
9 12.4691966561
9 11.9061654922
9 20.3499201676
9 9.10018977888
9 6.83624742225
9 20.3780541558
9 10.9914797212
9 10.3232482067
9 7.48361738419
9 5.89413571633
9 8.34240871237
9 13.2402566401
9 8.2059835761
9 15.3709733538
9 4.63309827763
9 10.2888633591
9 9.03727744311
9 7.38566784303
9 8.51960631783
9 15.1005633215
9 9.91552543899
9 19.7260360284
9 9.52646454289
9 21.6437317344
9 9.62175191729
9 11.0942598051
9 17.070974285
9 15.6268229023
9 8.50075806263
9 11.3776982516
9 22.642946214
9 7.5544309069
9 19.2873887871
9 9.57465988226
9 11.1584330469
9 13.4636499626
9 12.9406936468
9 16.356872557
9 6.17421545396
9 20.3265802963
9 18.8913696751
9 16.7599291189
9 10.4403737681
9 13.4223519967
9 8.13600256695
9 8.08140107953
9 7.80750179533
9 14.3539729997
9 9.03318363675
9 15.0732090391
9 9.46367129564
9 8.77559963823
9 28.0692309815
10 16.2911720284
10 17.1299758631
10 12.3575820979
10 8.76497192663
10 6.01327381122
10 11.6257798291
10 12.5815835141
10 9.16711344085
10 7.87963329261
10 8.31003536732
10 11.8578818648
10 6.24938637284
10 16.9448558137
10 7.90189501932
10 14.6582806889
10 14.005369996
10 6.2505217846
10 16.7561411872
10 23.0246815667
11 12.6672232921
11 10.2733736815
11 13.6295459215
11 8.27667678757
11 13.260682791
11 7.35501373173
11 9.74511641065
11 6.12212696388
11 16.756479291
12 9.51347135627
12 7.95993778965
12 14.2140412888
12 18.4067814353
12 10.3727485207
12 5.86416273094
12 12.8875522157
12 15.1304320173
12 11.9309388606
13 17.0099191536
13 18.4207646816
13 15.4344177342
13 14.627627361
13 10.7274614149
13 5.84556276575
13 28.3682888423
13 7.45140139664
13 11.6953203027
14 7.23714218499
14 18.3276961
14 6.40905652652
14 15.8482924685
14 19.1175169524
14 13.0516535389
14 9.93274791665
14 11.562897629
14 10.9987659171
15 7.96824377746
15 6.8342741475
15 10.3270486297
15 14.1687141261
15 15.3340680913
15 6.99878363473
15 8.19349046736
15 13.2808915057
15 16.8056281796
16 14.2427519499
16 11.126468199
16 7.73963364923
16 8.38439710789
16 8.69990370543
16 7.83867645509
16 11.2004258099
16 7.61205967924
16 3.1518059403
17 8.44259495568
17 7.55035116137
17 11.1365369132
17 12.430281106
17 9.74307707111
17 15.3641911065
17 8.92807627411
17 8.21765316403
17 6.25880247601
18 8.54681675776
18 10.9217807782
18 14.4619181358
18 10.9428704307
18 8.65538532227
18 15.0189848647
18 18.8632928461
18 7.33967078703
18 7.54249618635
19 8.30970310294
19 9.9046695774
19 7.59099784911
19 8.34417407788
19 9.51217318033
19 13.8723854587
19 8.49240406697
19 13.0341266698
19 6.44808570816
20 12.543202263
20 10.0929726212
20 8.36401490966
20 11.4834080606
20 10.4583765461
20 8.49808755946
20 15.2149595569
20 10.0520678079
20 12.223133652
21 5.07531091376
21 8.22204645309
21 10.151282772
21 11.2977957537
21 4.81485853806
21 12.8834754526
21 11.6463304373
21 12.5023996522
22 13.95051977
22 5.44649157185
22 7.05752260253
22 10.9183988045
22 9.27271602273
22 8.2830485238
22 10.743342768
22 8.5254313209
23 17.5092632466
23 11.6345781872
23 12.7055171103
23 14.6500831676
23 9.03776065984
23 10.8983433137
23 14.6030679793
23 8.1405401806
24 15.6299767315
24 21.3190135796
24 8.00719139294
24 9.94031860175
24 8.23089646699
24 14.9706654198
24 14.0978128987
24 20.5623494963
25 6.5336672383
25 6.02667224609
25 18.1323726055
25 10.3774400089
25 6.90264042193
25 12.8837113906
25 9.51150937687
25 7.92697148837
26 15.1143639018
26 10.7494417826
26 8.91750885668
26 15.0737092465
26 18.0468489608
26 11.1392899275
26 15.5139902458
26 5.7279510908
27 7.42215822087
27 8.48291367788
27 5.31111773006
27 7.89417439143
27 7.66543891069
27 13.5134210519
27 7.77606560052
27 10.4603706602
28 7.37489313674
28 7.31710702925
28 7.80788390103
28 7.69106067226
28 12.3173451302
28 5.77482045977
28 4.25420916373
28 10.4041206404
29 10.4279892793
29 6.20979264666
29 6.9690772348
29 4.06503162519
29 6.809661902
29 15.2238993596
29 20.2002680915
29 6.82660222309
30 9.82797396723
30 10.5764010689
30 19.0124272486
30 12.1585147635
30 10.4831578632
30 11.0930478284
30 8.19987068826
30 8.74288321409
30 8.9426922899
31 10.7898300032
31 10.8060813559
31 7.97291277222
31 13.3209800573
31 8.71866476313
31 17.4618014896
31 10.0678274273
31 9.20982108172
31 7.5256435648
32 9.3734300178
32 5.83293484336
32 10.4647947441
32 9.0913892604
32 16.3586357166
32 14.6870884742
32 6.55952486973
32 16.7367129402
32 10.6629223208
33 8.05116063059
33 15.1534941197
33 7.69216753526
33 13.3506027081
33 10.1071747735
33 7.56109715648
33 11.3539506003
33 14.2115125544
33 8.47683689677
34 8.90986600629
34 12.8506235461
34 6.85839512624
34 8.12629275532
34 8.16323517757
34 8.26479422657
34 5.82032295104
34 8.17747874834
34 4.67683434386
35 9.02440038932
35 13.74103551
35 8.622485809
35 17.4938172935
35 5.8511269654
35 6.90794392307
35 6.84095292163
35 14.9850666489
35 9.39192438152
36 9.59726826673
36 10.0716820207
36 15.3982853125
36 10.6743077894
36 11.9979085362
36 12.0283967115
36 19.5759201606
36 9.161026976
36 5.09314732201
37 4.69859621245
37 6.74387851548
37 7.71037828075
37 7.92845093869
37 6.34404074821
37 5.54476925531
37 5.14085558099
37 6.92021116567
37 9.68526250065
38 12.3390108983
38 9.38285254712
38 3.84350417337
38 10.1006340195
38 8.06729772717
38 9.81994173769
38 7.94090384406
38 8.38743901326
38 6.66622914665
39 7.61535449535
39 5.52384699863
39 9.859588652
39 17.5425119599
39 8.49226984826
39 10.295702257
39 8.30476695823
39 6.33648344219
39 6.69380700429
40 5.69238387518
40 5.29119903519
40 6.38808809735
40 10.4343847876
40 14.2311881448
40 7.53857189708
40 8.22076983039
40 10.4944245584
40 7.7365852017
41 7.58742150258
41 9.59236864358
41 9.54924521848
41 7.74342973214
41 6.30520345679
41 10.5774683583
41 8.82720077365
41 6.44428524668
41 5.78138095933
42 7.84095700655
42 8.19859307411
42 3.92314453669
42 4.30040949335
42 6.24743461209
42 7.29859083462
42 18.7706615703
42 7.58407808029
42 8.389904471
43 9.06170108346
43 10.4800120189
43 8.87023645763
43 4.53794582526
43 6.83166747233
43 5.44094816872
43 10.4921734883
43 16.0706315477
43 7.73023439218
44 5.37144336675
44 9.41099518086
44 9.11250280292
44 6.11013798306
44 3.67773023316
44 9.47246204506
44 13.4808960254
44 4.77387845448
44 7.10411666674
45 6.89543361502
45 9.55968774608
45 7.00251604763
45 12.1728489349
45 4.93282196447
45 10.1006561893
45 4.71819801492
45 9.03842337419
45 8.43360327432
46 8.90867859255
46 8.78888178387
46 5.6104213455
46 15.7657685914
46 9.50560624381
46 8.05262122178
46 6.25574176709
46 13.5282336591
46 15.1402482379
47 7.87711872278
47 10.1235359294
47 12.9689097333
47 5.58376156299
47 14.2813180316
47 7.52706558077
47 13.6000857821
47 7.25718372891
47 11.0883765817
48 7.01884355921
48 8.29250589317
48 4.60378332666
48 14.7999762257
48 4.58418142277
48 4.27943660101
48 15.4514822184
48 9.17378716993
48 6.97117123114
49 5.34334776172
49 4.71189019027
49 6.61707928322
49 7.0070450992
49 8.5300237663
49 5.73284768605
49 6.68138102398
49 7.72842576401
49 7.66861571389
50 7.39566234327
50 10.3715131296
50 5.3607819466
50 9.30676088144
50 9.81897898281
50 8.70343498779
50 8.6981441866
50 5.5656925816
50 11.6157672507
50 7.73940862939
50 4.53978355803
50 7.00567648332
50 9.24563046102
50 8.97651589798
50 15.6505031064
50 9.23984769416
50 7.4352154168
50 6.8693507941
50 5.71259380902
51 7.83146182599
51 5.97950062135
51 4.99401104746
51 8.26952012551
51 9.03407598342
51 5.11349423562
51 7.98692839001
51 7.88009102409
51 7.07225165637
52 6.02760575473
52 7.30470873348
52 7.94391751187
52 7.59484739026
52 7.16791143428
52 8.89845579801
52 11.8353484999
52 13.0914843015
52 9.50709197982
53 9.21106712745
53 5.68028812984
53 6.0928997333
53 9.48271126497
53 6.15671119675
53 5.66347761272
53 5.43835545985
53 7.04006069763
53 7.02431784698
54 8.99974080705
54 8.94594968326
54 12.3273483564
54 6.38749227295
54 15.492718537
54 9.33560450481
54 14.1962038769
54 8.78908355736
54 6.63977804284
55 6.07459370859
55 5.65289888863
55 5.81993830716
55 7.32265923699
55 7.75668912851
55 6.33712746293
55 6.20361927568
55 7.0799959088
55 8.65548362346
56 5.61711560275
56 5.67091226961
56 6.38544531178
56 5.04440096468
56 13.9420960613
56 5.94688461553
56 7.44121013673
56 5.45501898815
56 12.4767358461
57 5.42243324031
57 6.627865569
57 13.0393150543
57 12.768870088
57 5.78463458844
57 11.7270892242
57 7.504586787
57 8.06342632904
57 7.84638340401
58 5.7703602283
58 6.91184199254
58 12.1166790024
58 7.72326201551
58 11.2113452456
58 5.77084625031
58 6.71699363878
58 6.23996227331
58 7.60373102674
59 5.34880941685
59 8.37893037112
59 8.52946799566
59 8.45387820939
59 5.4034494292
59 4.41990584644
59 4.6786238262
59 7.62508335063
59 10.7712432995
60 6.42835009042
60 7.12470628708
60 9.28394717629
60 9.6809285509
60 11.7703999771
60 7.95134415227
60 12.5054655282
60 7.96970737651
60 6.19965489901
61 13.4543975495
61 11.0391777732
61 5.56416935409
61 7.53372025623
61 6.40106499564
61 12.989372864
61 15.8787756134
61 7.27324172346
61 5.46057172609
62 10.1827067166
62 8.63324023721
62 12.7377274365
62 6.95759087004
62 6.63668320914
62 7.33975954997
62 8.90167514965
62 3.52652416696
62 8.3404293343
63 9.91243202893
63 6.19979071048
63 4.72781923823
63 8.11992437782
63 5.75104206821
63 6.81617830541
63 6.60393033736
63 8.62506872432
63 7.86893542985
64 14.4438497854
64 16.6360644987
64 8.07663310994
64 9.07458909389
64 8.50860160491
64 5.88345325356
64 7.66912333574
64 12.5451170359
64 10.9854376352
65 11.1672383746
65 5.24584767045
65 5.18525560213
65 4.38774548879
65 4.84969706882
65 5.09907424291
65 9.92752647376
65 3.98258615079
65 7.63644721178
66 9.47062074997
66 13.7966617623
66 10.3132090632
66 8.1168922566
66 6.65678733907
66 6.32901575123
66 7.00948406409
66 7.20452482929
66 4.66585060396
67 4.83390182663
67 8.3627007639
67 5.17931561404
67 7.96135449024
67 10.6525181347
67 5.60988133219
67 6.46802042836
67 6.83224860737
67 8.84634863939
68 7.46814693048
68 8.13354081744
68 12.4327140675
68 14.389578545
68 13.9127926445
68 4.26313116704
68 8.43808231049
68 7.79825336976
68 8.18247072274
69 8.99605187276
69 6.89651746698
69 14.6980829043
69 14.2320352072
69 4.41552603249
69 8.42351373132
69 6.36781234767
69 8.72811420409
69 6.36562694255
70 5.21017961457
70 4.47725837109
70 14.4583671099
70 3.98403018418
70 8.83847455852
70 8.32143726144
70 7.02355231264
70 7.68565384172
70 4.74912673194
71 7.64025360175
71 9.51640024711
71 5.89447290712
71 5.44982035699
71 7.16200642913
71 6.59470360166
71 5.77115048534
71 7.64732214649
72 9.23037993044
72 11.9544117163
72 10.8748057364
72 6.30802971092
72 8.24741267967
72 6.80304724442
72 6.39732424607
72 7.860700305
73 8.79282666746
73 8.44838281614
73 7.5150896667
73 13.3794031057
73 5.81227332396
73 5.67589606843
73 11.5263532809
73 12.7190921897
74 7.53363834417
74 6.36679247686
74 3.58830789453
74 10.0860387731
74 7.88940434563
74 8.00707414033
74 6.5789672089
74 7.69072182963
75 5.93871705168
75 8.70532075744
75 5.3264737505
75 7.40562670445
75 6.87614930463
75 8.89901253087
75 6.89862654445
75 4.85244196365
76 6.09146182698
76 8.22719138138
76 4.19143404915
76 6.68130955248
76 5.65991311643
76 7.55386745598
76 5.83252645639
76 7.20581936632
77 5.58062296068
77 5.97136168609
77 10.7873054797
77 6.96957568035
77 5.5029992104
77 7.6267748603
77 12.5929344653
77 6.32217440553
78 6.75311494881
78 3.02146038401
78 6.30225782413
78 6.07117153054
78 8.76970870467
78 5.19005492437
78 14.7152519403
78 5.64738885168
79 6.3661564057
79 6.21681702404
79 7.13721667161
79 8.17560988004
79 8.16344836025
79 6.7263012128
79 10.0528695619
79 4.69949122297
80 6.1008724834
80 10.083630995
80 5.69072033411
80 5.57449526379
80 8.43581670785
80 5.35732584657
80 7.01555344519
80 5.03105642382
81 5.83582318283
81 6.17910259599
81 8.82027781354
81 6.8729151517
81 9.12972397365
81 5.54228959589
81 5.65574889415
81 6.15875928679
82 8.04745979989
82 6.46668059502
82 9.40975472576
82 8.75808023367
82 11.2097878668
82 9.31102825636
82 8.0056991255
82 7.18902620047
83 7.61542527219
83 4.03317783026
83 6.36924680231
83 7.47524181288
83 8.5105446653
83 5.72404751932
83 7.24107890021
83 7.64547189699
84 9.38328285774
84 5.63748620202
84 6.99950978099
84 10.3490226486
84 6.82810780937
84 4.30276017325
84 4.90921688708
84 3.81577584665
85 6.97941869856
85 5.11869773633
85 7.2758729966
85 7.43951253046
85 7.8355275526
85 5.02484772076
85 5.17337839571
85 4.50818356961
86 7.31769371196
86 13.1742107125
86 8.09003445647
86 4.37228612982
86 5.70979958819
86 5.3754732006
86 6.64083629963
86 8.09167256818
87 6.32283260301
87 4.06340546677
87 6.71321738453
87 6.10723795969
87 6.39882932856
87 6.623929727
87 5.44076692616
87 6.1320491545
88 7.5752444575
88 4.76460353429
88 4.69514946389
88 6.88736054983
88 4.848778922
88 5.20192374351
88 6.72947562753
88 10.3931108986
89 6.42681443415
89 4.4427034642
89 6.9746384571
89 5.9036688028
89 7.88674143573
89 6.0067933259
89 6.44357260962
89 5.32631095979
90 5.58319856937
90 4.18470629787
90 6.04807825224
90 4.76138756523
90 5.0126340542
90 8.5295820717
90 4.29665990121
90 5.60543252786
91 7.74886161513
91 7.25913669434
91 4.73691320792
91 4.75218896767
91 7.26336865553
91 5.0158257668
91 7.06112182317
91 6.68033145453
92 5.55750180384
92 7.08780103191
92 5.43004580954
92 7.48670281845
92 9.32623592407
92 6.47823440391
92 4.5752175619
92 13.5573942061
93 11.8577992837
93 7.50751991216
93 12.1213847175
93 5.12806594521
93 6.12371147284
93 7.45534659772
93 6.65829711413
93 6.10869992234
94 4.35409232415
94 7.44629377788
94 5.61984627297
94 7.02277757166
94 6.85382889543
94 8.26596797844
94 4.17769238827
94 9.0728106343
95 6.3910584296
95 7.02749791178
95 4.81560138185
95 10.9325777502
95 7.39406189178
95 5.42880086057
95 4.37458035989
95 8.23478875403
96 9.01875154074
96 7.04447463185
96 5.05341327887
96 4.41493157137
96 4.73421570765
96 5.29870035984
96 7.44578763015
96 4.53249397496
97 8.20675024798
97 6.06641060861
97 5.36068351522
97 6.33696365564
97 6.79354233795
97 3.81266336832
97 8.47235802082
97 8.73688756899
98 5.17235423915
98 5.58467364519
98 4.54972718042
98 5.80357630264
98 10.6118381667
98 5.94728255177
98 5.04156653735
98 5.35553338948
99 8.3618550238
99 6.70547635405
99 4.53798687232
99 12.6870316299
99 4.59597841331
99 8.19027615671
99 8.26893683939
99 5.8283622869
100 9.49147122514
100 7.76608420784
100 6.8652924531
100 6.43479469557
100 4.57800343771
100 5.04332928378
100 4.70637828251
100 7.15796499875
100 3.80405421832
100 6.85903277017
100 5.18081228247
100 7.22739088433
100 12.4787603807
100 5.50066209304
100 5.98700703889
100 6.84039172558
100 6.64148044961
100 12.0387221416
100 6.55113213076
100 5.64359321744
100 6.75309048558
100 8.85119428573
100 6.75213115193
100 6.66420905248
100 5.20987382954
100 7.19639388984
100 4.70315026031
100 9.08935668863
100 7.62859184782
100 7.54498213017
100 5.76378844849
100 5.69527250204
100 5.14151433299
100 11.6864827734
100 9.14530187406
100 6.63774352429
100 4.57756956685
100 9.6177302898
100 7.46858085622
100 5.34941700094
100 6.82238378896
100 8.15934090549
100 4.37206935022
100 7.33200512297
100 4.04947393639
100 6.53472603982
100 5.95552031949
100 8.67965611875
100 4.89314693234
100 6.22947283947
100 5.98735623408
100 5.25579209138
100 5.398123811
100 3.56168730841
100 7.10188057652
100 4.93329817451
100 8.0338447009
100 4.39514094649
100 4.1114308683
100 2.90939883208
100 5.25129315459
100 5.67314820635
100 8.52388472844
100 5.40080810937
100 15.9781130676
100 7.12343350613
100 6.52035417985
100 8.84593470047
100 6.34531727772
100 8.53446016149
100 13.0316273606
100 9.58452072854
100 4.96671195756
100 6.79465868783
100 6.13042634138
100 7.39684004809
100 8.30787954197
100 6.63281045092
100 6.29937854322
100 12.3990598069
100 5.25853231882
100 6.35115082864
100 4.68946732613
100 6.4810724257
100 8.87152602839
100 6.06476366949
100 4.78147007508
100 8.25007761899
100 7.75987739137
100 9.32830898443
100 3.40408004295
100 7.86536718119
100 7.5100393887
100 5.59168757547
100 12.3960072238
100 6.31497127376
100 4.45178895899
100 6.14727998645
100 12.8394991381
100 5.10731055779
100 3.90711428605
100 5.9118532798
100 4.23016359524
100 5.09275933865
100 6.33269175654
100 7.82891199947
100 6.80595350495
100 10.3962422498
100 17.3169512339
100 4.7718526372
100 6.84645541402
100 6.8109713486
100 7.05366845284
100 8.29107234956
100 5.1889834485
100 12.1288403569
100 6.29417395748
100 6.56185376581
100 4.78523184856
100 6.61682243654
100 5.36626251943
100 7.43483545247
100 6.03004317689
100 8.0607462639
100 8.30113497096
100 5.00786075639
100 5.40210126937
100 5.67823871066
100 5.98038492614
100 5.69884367453
100 14.1127274808
100 7.31289135037
100 6.47670941165
100 5.75083182503
100 6.83690105067
100 9.14176068599
100 5.6016005857
100 5.48097560468
100 7.02397635161
100 6.54912846679
100 7.33730533301
100 10.7364461475
100 12.0131911025
100 6.46530344592
100 6.09970574512
100 4.0645799996
100 7.44741289552
100 5.78940690992
100 11.2156547145
100 6.62776030645
100 3.49221093221
100 7.64480026519
100 5.62624118927
100 7.61317395527
100 5.30553379751
101 7.52675333114
101 10.5101314815
101 7.50278607612
101 5.38081303379
101 5.55626493215
101 5.44059646401
101 8.04361492009
101 6.1497716138
101 8.28196805045
101 6.0786996999
102 4.37578078374
102 5.41792192006
102 8.03510751782
102 7.04658436519
102 4.17598132043
102 5.69676836088
102 3.87761761699
102 7.05755279828
102 5.15547278117
102 5.83520586463
103 6.78508571158
103 4.47334633129
103 7.41566546693
103 5.73696621524
103 5.78176101242
103 3.92084209739
103 4.1284070415
103 5.20593613214
103 4.59144692237
103 6.5269720928
104 6.83935517927
104 9.62589451443
104 5.42150963774
104 7.76825699808
104 5.09560669777
104 6.06091546965
104 9.08957095336
104 6.64953250617
104 5.96241183279
104 6.37658981578
105 4.06443042727
105 4.46575451163
105 5.66710677991
105 8.32973545607
105 5.58289484851
105 7.29286356761
105 7.49434298811
105 6.41454212696
105 5.6981883472
105 7.10435687506
106 4.75905767556
106 4.59786176513
106 9.16169321095
106 9.36423491015
106 7.26140378898
106 4.21267588381
106 7.7648476935
106 5.93664158749
106 8.62063366897
106 6.48129649679
107 5.29122903205
107 4.15288316886
107 5.86278916993
107 6.47968204714
107 5.93827699138
107 5.80641302183
107 4.98469640174
107 6.29044953607
107 11.9100233368
107 7.27810991446
108 5.22890182008
108 7.31825782385
108 5.7925942485
108 5.76147405544
108 5.21327241924
108 5.38351309483
108 7.37192665481
108 6.0953798117
108 4.38998702372
108 5.36993465944
109 14.0661720895
109 7.97076425648
109 12.8455004192
109 8.78294937638
109 6.87509209802
109 8.66507987668
109 8.09283805845
109 6.95156579104
109 6.40602751776
109 7.56213382686
110 5.37043699073
110 6.19309876766
110 9.42689761499
110 6.05927915938
110 5.19239337697
110 7.14484250304
110 5.40876147779
110 6.04321156363
110 2.97249742503
110 4.97492907291
111 9.64219341413
111 6.75700110938
111 12.4300274814
111 3.96126007462
111 6.80908205408
111 8.77570751423
111 6.43501847745
111 7.22018959687
111 8.26249739583
111 5.11855803038
112 9.31408321826
112 7.12608396909
112 11.9478348926
112 6.04351218617
112 6.95651178741
112 8.49164056788
112 6.63653702075
112 3.39183004385
112 6.20641759498
112 6.28993047125
113 8.33203406492
113 11.5774116429
113 9.12671192183
113 6.52733509393
113 7.40799810621
113 4.62861462594
113 4.7191537965
113 6.90586234903
113 6.93459355561
113 6.99751794102
114 5.37922130028
114 7.31666459972
114 6.23352690915
114 5.30209842422
114 7.56755669877
114 4.16666133768
114 4.50870199813
114 4.72358988728
114 6.68937485807
114 5.75720337015
115 5.21143001537
115 6.34540646751
115 7.04062088091
115 6.49758543055
115 5.12663517212
115 7.82189158052
115 4.57960060008
115 3.65269780083
115 4.70793462009
115 4.50203393946
116 5.12798710793
116 7.0480280382
116 8.95661769264
116 3.86624331781
116 6.37671954232
116 5.05707830447
116 4.27202139037
116 5.50185899746
116 4.21890858857
116 10.3225315283
117 4.09799998778
117 9.04371119667
117 11.6936791297
117 7.63141680488
117 5.78255280387
117 6.80787194346
117 4.96377033702
117 8.19998194861
117 7.0994014137
117 8.12339159678
118 6.06866589884
118 6.90845009123
118 5.3519885728
118 7.22456605578
118 6.09255073863
118 5.67761190133
118 5.55322994378
118 5.05626506593
118 5.67363227542
118 4.61119647974
119 7.1627549042
119 5.44080092189
119 12.6898528426
119 6.13595399597
119 4.90327914481
119 8.61869114464
119 6.21901651714
119 6.05976497812
119 4.33904680287
119 7.05610549588
120 4.38327363696
120 4.01260210966
120 13.5230566057
120 3.67015389164
120 5.41085000085
120 4.92900764957
120 5.98823735048
120 7.47013839377
120 5.82935378419
120 5.78294545488
121 8.04862241366
121 6.9477053236
121 7.78023608239
121 8.1612412605
121 6.98233018773
121 4.82413301141
121 5.66661062186
121 6.5602446164
121 6.45472479818
121 7.27459806716
122 5.75492399328
122 6.63143036634
122 5.46133029726
122 5.42493621952
122 6.81704246971
122 7.75472758755
122 7.70164161378
122 6.09929400673
122 6.32426407758
122 3.4450329948
123 3.81795158412
123 6.73877972021
123 12.1401311748
123 13.4344236979
123 7.65644891226
123 6.23609569931
123 7.19021649907
123 4.33252764337
123 5.71014144851
123 13.5474504227
124 5.64040157646
124 6.24123640602
124 9.59766238815
124 4.53893853537
124 6.50264090114
124 5.28694063741
124 5.02356173217
124 7.34070306264
124 6.31995736925
124 6.4788953911
125 3.17215458129
125 4.35217990043
125 7.14742125868
125 3.49238317692
125 6.1715512055
125 13.7305865396
125 11.1160123486
125 4.3221011377
125 6.1116667141
125 3.69567404869
126 8.12139695201
126 8.47920827028
126 7.39375019187
126 5.88737028146
126 2.80140030927
126 5.93219234835
126 7.9728136037
126 6.22123293539
126 7.07554643413
126 4.31291018742
127 4.72362489128
127 6.47332185315
127 6.11199038185
127 6.85793936765
127 8.27179113352
127 7.48942435898
127 9.58065519849
127 5.80326898526
127 7.24131535093
127 4.73569080548
128 4.59068290791
128 7.5253028071
128 3.37705592306
128 6.6833536066
128 4.83425571382
128 5.78831570932
128 4.53721288763
128 4.04706027082
128 5.5504362044
128 3.70173183296
129 5.05250283898
129 6.48725634017
129 7.73196136346
129 7.90213417036
129 5.30998980756
129 6.01312093406
129 5.50235770772
129 4.90698489764
129 5.79027059099
129 14.2267350214
130 7.55845594308
130 4.76834066868
130 5.07356099481
130 3.88292835911
130 4.73014685379
130 4.53917276039
130 5.35733686189
130 4.42880864585
130 4.71359491921
130 6.28328624434
200 6.30611618926
200 6.37658140033
200 5.45485484961
200 4.18279738205
200 8.07504944983
200 3.4841873142
200 4.98899424223
200 4.5352886151
200 4.4689244978
201 6.47536768908
201 5.48218998485
201 4.87449292066
201 7.30483999865
201 4.69813212513
201 4.24622396485
201 4.44342622108
201 5.42787703659
201 7.59197371822
202 6.83822251508
202 4.780765107
202 3.79458014034
202 4.58809900441
202 11.2977022402
202 7.41767146027
202 3.9473113856
202 2.82958792002
202 5.59959040636
203 4.6510950824
203 3.60195023468
203 4.98178351935
203 4.46297651662
203 3.89250328797
203 4.79658246101
203 3.85421310739
203 4.60532272129
203 4.62260914241
204 5.34621376445
204 5.57788233619
204 5.17770604956
204 3.92523455343
204 5.01498354911
204 7.27341782384
204 6.95482912572
204 5.0111928743
204 5.1710047207
205 3.90288801921
205 4.16444035742
205 4.98856324319
205 4.36282787158
205 5.38846408887
205 3.16958270593
205 4.46615420522
205 5.89322096211
205 4.85471921004
206 6.30036772083
206 6.99983607131
206 5.65330926264
206 5.68120951495
206 4.87196029612
206 7.77161463884
206 5.83471717423
206 5.39210287949
206 9.04059424088
207 4.77620623686
207 4.5791776291
207 6.32354288938
207 5.72444409783
207 6.54722247524
207 5.45983349616
207 5.50802106368
207 5.32971186693
207 3.27063243089
208 5.03845127641
208 4.58163112851
208 4.80414846457
208 6.40131505078
208 5.44230973578
208 4.82418458961
208 3.81715035969
208 4.29327566075
208 4.28722273573
209 4.03102083705
209 4.24368414391
209 5.3387679982
209 6.81331746109
209 6.40870295155
209 5.62449885017
209 5.63070511492
209 5.01554911493
209 4.54286167598
210 3.19647656716
210 5.22731259592
210 4.59708394601
210 5.63132294476
210 5.35967945062
210 5.4858402136
210 3.52261672872
210 4.81592190916
210 4.43883527941
211 4.88371899493
211 3.20459773023
211 5.82224865732
211 5.25586796499
211 7.11636568449
211 10.0552659186
211 5.9581859598
211 5.58500246664
211 4.82027973695
212 4.99743851568
212 5.83520523809
212 3.18768043334
212 5.5515505528
212 4.95043685123
212 5.76953281184
212 5.23205560184
212 5.89520994355
212 6.48261101064
213 6.66230753244
213 6.97279535472
213 4.06899317413
213 4.84857984734
213 4.76900753112
213 4.24901302698
213 4.76803114613
213 6.49466277322
213 5.88863708205
214 11.7901379293
214 11.6734419283
214 5.67623557672
214 6.19955507924
214 4.66567859368
214 5.97644158553
214 5.86228657959
214 7.07208008617
214 5.49291427819
215 5.84983063127
215 4.85842018439
215 5.54620937311
215 6.05195926517
215 4.20187061467
215 7.35751376247
215 5.81582996017
215 6.46149680118
215 5.21474092539
216 5.62260595231
216 4.72892933549
216 5.35270559529
216 6.91797928407
216 6.63834113294
216 5.36887665483
216 4.43284232406
216 3.77876580019
216 6.80812045956
217 5.31317783452
217 5.72203242781
217 6.91730243864
217 4.48860000653
217 4.31417060565
217 4.79117458309
217 5.91304125444
217 4.93897656179
217 7.1990171228
218 3.09991658307
218 2.19087171241
218 6.83100765718
218 4.22239903982
218 5.58371936064
218 3.92973315536
218 9.1268619589
218 5.60826281202
218 4.11181371223
219 4.71964810718
219 4.87234063449
219 5.68637832354
219 5.65921797171
219 5.81120404185
219 3.16265803581
219 4.80650282124
219 7.55374528253
219 4.25564248968
220 6.21258081393
220 6.87794169792
220 5.66767001106
220 6.45757324072
220 6.92511865989
220 8.67236123731
220 5.23682811787
220 4.35423125202
220 5.08521226364
300 5.94186957295
300 4.88519992678
300 4.8864593355
300 5.52233358521
300 7.11965273783
300 4.99318492932
300 4.88137904176
300 5.51976099597
301 4.31680480426
301 4.75308349891
301 3.76380116168
301 5.08888730592
301 5.24662964638
301 6.72650117569
301 6.47712442119
301 4.22029969493
302 3.8723878223
302 4.54840212772
302 4.18907835096
302 6.24650733358
302 3.98899372518
302 5.86713841465
302 3.48179853794
302 4.8212689898
303 4.58904435116
303 3.97524043121
303 6.59286852496
303 3.1685164303
303 5.06923410582
303 4.57066631793
303 5.30201375413
303 6.69407411691
304 4.59593141647
304 4.87883074384
304 4.8695185969
304 5.28211711322
304 3.51563488471
304 5.67454733703
304 3.70485084533
304 2.46681076516
305 5.66410861555
305 4.76599841766
305 7.26649718174
305 6.71467393122
305 6.53991733328
305 4.36957124062
305 5.74389532874
305 3.86454094108
306 4.84283566304
306 5.78015586167
306 5.68305480935
306 7.41679302158
306 5.67526384003
306 4.57433929221
306 4.14214117068
306 3.61934123162
307 4.63542294839
307 4.20367187937
307 3.53806179112
307 5.04623494577
307 5.91823027856
307 4.7814335468
307 5.10669564349
307 4.10955681324
308 5.4135514994
308 5.31879189731
308 3.40442706794
308 5.66267153416
308 5.01213355175
308 5.06594125377
308 5.31973486268
308 6.26242134363
309 3.03516572385
309 4.04421815197
309 4.61472577994
309 3.53076039175
309 5.58087359624
309 4.08949648265
309 3.93580104691
309 4.42253246354
310 4.32356798939
310 4.55534678898
310 2.62260309592
310 5.31157502673
310 4.22143162107
310 6.13602537058
310 5.68050307358
310 3.51389241927
400 3.51911541999
400 5.10712682848
400 4.87635039687
400 4.80163207027
400 4.39047758852
400 4.94924194769
400 4.39147212345
400 4.35368915624
400 3.2663376248
400 5.79421579347
400 3.24547699781
400 14.1727237485
400 4.45235190991
400 4.58918621366
400 5.32373552283
400 6.10869896196
400 3.84071050279
400 5.11391355441
400 3.56936606638
401 3.21104192257
401 4.69686998854
401 4.69820623276
401 4.4597392999
401 5.40753313164
401 4.74500360937
401 4.88022837995
401 4.8302885597
401 3.97412329808
402 4.34900866225
402 6.37673746228
402 3.12703758856
402 4.07878783841
402 5.63838392569
402 4.41478617477
402 4.77777736486
402 5.08960340006
402 4.07563749422
403 5.51364370451
403 4.28610615133
403 5.90520925611
403 3.66651490201
403 4.38737658961
403 7.61279629372
403 4.6949197053
403 4.82041786108
403 5.93635970311
404 5.6960385732
404 4.80746904277
404 5.5365257178
404 5.50445292926
404 7.97679857904
404 5.26328667903
404 4.84952459235
404 4.89230736293
404 4.76439372769
405 3.20859707695
405 5.54601331143
405 2.90288507127
405 4.7613333309
405 4.44481814357
405 2.56100324477
405 4.69502669478
405 6.42553076101
405 8.13073855197
406 5.05608434067
406 4.22502771033
406 4.20560524023
406 5.04737307844
406 7.16407774776
406 5.44021915447
406 4.85773277672
406 3.76272561263
406 5.4885936511
407 5.65973253416
407 4.19384130288
407 5.36370724798
407 4.8830180629
407 3.67592224111
407 7.51874350329
407 5.14922614972
407 3.7494014924
407 5.06071810953
408 5.32102788284
408 4.09448349061
408 4.67106440008
408 4.91411414834
408 3.65359541153
408 4.39185350702
408 1.9889722039
408 3.64857003748
408 4.68731080348
409 4.92353561504
409 4.68664237043
409 4.46664613698
409 5.47721651351
409 6.24235775406
409 4.63311309913
409 6.22365145506
409 5.13253678457
409 3.30818024739
410 4.07628706312
410 6.51792268329
410 4.1085288738
410 6.0838955912
410 3.14340160154
410 5.98466446974
410 4.84005977714
410 4.52689996406
410 4.28413961345
1000 4.29496965342
1000 4.18659639072
1000 3.55728653293
1000 5.9053409359
1000 4.78031785174
1000 4.19385694667
1000 4.26534356193
1000 5.54789856725
1000 4.57815374348
1000 4.578313323
1000 3.88898407363
1000 4.72673146136
1000 3.26316682971
1000 4.38818452387
1000 3.82487972794
1000 4.88019857203
1000 4.40093411145
1000 3.56333012716
1000 4.66709776077
1001 3.56794461691
1001 3.77163746189
1001 4.20615777703
1001 4.41106541323
1001 4.04502248409
1001 5.08483071636
1001 4.63997061
1001 3.89762813737
1001 3.89125943744
1002 4.55058875692
1002 4.89030174803
1002 4.40503588967
1002 3.17323785395
1002 7.18115906443
1002 4.53428191422
1002 4.13262819912
1002 4.74515579145
1002 4.31391392685
1003 2.53697859046
1003 2.74316082331
1003 5.02072107046
1003 3.66432209244
1003 5.15983538664
1003 4.79756642248
1003 3.34814129405
1003 3.51164992875
1003 3.71090244348
1004 5.1796005653
1004 4.37206938458
1004 4.43080209837
1004 5.33748029233
1004 3.45035894519
1004 4.85816395247
1004 4.54254058827
1004 4.43143316162
1004 6.15689051995
1005 5.10365992487
1005 7.00428969625
1005 5.29791846773
1005 4.99805490676
1005 4.09695173509
1005 3.93421925591
1005 5.57741449037
1005 3.65398916291
1005 5.19241582556
1006 2.26922451702
1006 5.44088503142
1006 3.78771849091
1006 4.06330912928
1006 4.11082883047
1006 3.455238958
1006 4.56150499526
1006 4.85645458251
1007 3.94050025405
1007 4.93445126519
1007 4.66646440671
1007 4.2083146185
1007 3.3931369164
1007 5.1004965941
1007 3.88776913162
1007 4.75008731253
1008 2.89752095338
1008 3.19993304258
1008 4.58538167694
1008 3.80748694416
1008 3.9787313076
1008 3.59232980921
1008 4.59584882107
1008 3.24498102893
1009 4.21037744549
1009 5.30142355896
1009 4.86192098412
1009 4.02279909826
1009 4.22548179543
1009 4.36843951913
1009 3.84884546925
1009 4.91732841914
1010 5.24736523218
1010 5.09096141002
1010 5.13981742581
1010 3.39243252649
1010 4.94347839313
1010 6.4190742903
1010 5.29552021153
1010 4.23640765654
10000 3.40843063772
10000 3.54236246135
10000 5.48804234693
10000 3.37047837136
10000 4.45614824158
10000 4.93461788326
10000 4.35812503343
10000 5.00109812757
10001 3.72244282848
10001 3.60976512921
10001 3.70459256788
10001 3.37140804131
10001 3.79595233687
10001 4.39795280917
10001 3.95291887524
10001 3.86002549371
10002 5.76145201574
10002 3.88261182812
10002 3.96453158993
10002 4.93550853026
10002 4.5733146389
10002 4.45054594993
10002 3.439350771
10002 4.35544121761
10003 4.11456776535
10003 3.91309937189
10003 4.03217802425
10003 4.66163639807
10003 4.05041453468
10003 3.81437245057
10003 3.76450268599
10003 4.44728638064
10004 5.24745309751
10004 5.20657870323
10004 3.92510079355
10004 2.97457222559
10004 4.44935088722
10004 4.84614904353
10004 5.44353185828
10004 4.66758440488
10005 2.84314911102
10005 4.07222774618
10005 3.65784690637
10005 5.27018292342
10005 3.67311116936
10005 4.78269788677
10005 4.66964407948
10005 3.51341706514
10006 4.70258521373
10006 4.23094473681
10006 4.06424567285
10006 3.19684292552
10006 4.42744510867
10006 4.40114576623
10006 4.57729004556
10006 4.26561433935
10007 4.88204828828
10007 3.62007884149
10007 4.23719566558
10007 3.54319448077
10007 3.29432455463
10007 4.46070371606
10007 4.00116597074
10007 4.3364662101
10008 3.96402806879
10008 4.94671097768
10008 3.52120466185
10008 3.75853866698
10008 4.13569975845
10008 3.78917781482
10008 4.0484464863
10008 4.77035858119
10009 5.31074057355
10009 3.70767458735
10009 4.0090709458
10009 3.22070105393
10009 3.26031140835
10009 5.34428721649
10009 4.40449373184
10009 3.6447734791
10010 3.24301389217
10010 4.01845527377
10010 4.7296299508
10010 3.21396152058
10010 4.57989532139
10010 3.8334277493
10010 4.59053553274
10010 3.37105678093
