2 10.1121082127
2 6.25515913731
3 6.58207555232
3 5.29454683473
3 9.82654109819
4 5.56259470996
4 5.51359863564
4 11.7595590521
5 9.27936947933
5 7.85707921995
5 7.75260023311
6 9.18863906918
6 6.16463989285
6 8.77227587381
7 7.49908978734
7 5.69994122027
7 8.04218405704
8 6.73286797746
8 5.42914094653
8 4.24884227271
9 5.6186668472
9 4.64482650343
9 4.29861941859
10 9.50525371109
10 11.9343326012
10 6.63272392436
11 7.23527891006
11 9.25286939289
11 8.41034056749
12 6.26814515634
12 5.74661071558
12 7.65962695893
13 9.54616672778
13 6.20212864458
13 6.07225584339
14 6.02127502626
14 4.39178749109
14 10.2684926379
15 10.078431176
15 6.18193267231
15 7.39217555299
16 3.75936047589
16 4.66611586856
16 7.27546747012
17 10.6739661771
17 6.04160515717
17 3.43636444444
18 4.79926911665
18 5.56619686925
18 8.36719917591
19 3.52291876466
19 5.1710170537
19 6.83750151505
20 6.884460793
20 6.17470769329
20 4.04303300213
21 5.2369302633
21 11.1811939412
21 5.23953884376
22 9.2146167419
22 10.6798637906
22 10.9220324655
23 6.96831342668
23 3.86897156707
24 4.47525428454
24 6.87579199878
25 7.05609154195
25 3.91298364818
26 8.17965640815
26 8.73348900314
26 6.65337201123
27 5.71870250013
27 9.09503095635
27 7.41296477474
28 7.2176582469
28 5.91965817969
28 4.23782221429
29 7.87542272983
29 4.30661339489
29 7.81107166335
30 4.99529875952
30 8.5199038982
31 9.20378477388
31 4.32378167513
32 5.27201999037
32 6.52596343581
33 5.17952163775
33 4.94669469673
33 5.79542594405
34 4.89817354398
34 5.72552044185
35 6.23577482476
35 6.22969073076
36 4.28780650109
36 6.14557246299
37 6.24501137832
37 7.02513443741
38 11.0232047104
38 3.95355456035
39 5.82723039452
39 8.11467264955
40 7.18114134029
40 6.71063413555
41 3.92470589288
41 4.9882041827
42 6.02084088892
42 4.7343747077
43 4.44101861133
43 4.26096216361
44 5.11218527337
44 4.80469476008
45 4.79724412624
45 5.9612476242
46 5.57662716632
46 8.12244365421
47 4.95512442027
47 4.97720907778
48 5.10203375794
48 5.47403230332
49 6.69832642257
49 6.25502551531
50 3.52227668144
50 4.22281603457
51 5.14446706025
51 6.19964939305
52 6.57862284575
52 4.3380690329
53 4.84359029924
53 4.87766605536
54 6.06013648913
54 4.2763751123
55 4.01776663849
55 4.64469100321
56 3.62174591662
56 4.96961033282
57 5.0300125741
57 4.85546977786
58 4.5772982922
58 4.50164731239
59 6.50390051199
59 5.36115954745
60 6.33405997584
60 3.88582001314
61 4.2249674024
61 6.98177624549
62 4.32561213552
62 3.79543170751
63 5.13321678561
63 7.02053440621
64 4.86744826556
64 3.19304442011
65 5.67994085128
65 4.49524848223
66 7.56428390667
66 5.65751811402
67 5.79294078954
67 4.51042397015
68 6.11949631783
68 7.56516291403
69 6.20234437167
69 4.43188562824
70 5.5711068069
70 4.11587470017
71 3.17571112474
71 4.2738963974
72 4.60920765471
72 4.95844028504
73 4.70025548419
73 6.44206518819
74 7.59884746358
74 4.91804512068
75 5.73362764804
75 6.00191781376
76 5.36484890985
76 5.43122389347
77 5.27541661863
77 4.38981294434
78 3.3260578749
78 5.19563382125
79 4.4106893692
79 5.58416527159
80 4.61558689771
80 5.43749822441
81 3.06227382934
81 7.45398699655
82 4.41033250723
82 3.41719720056
83 4.74313580306
83 3.54739681218
84 2.90272379696
84 4.66559989446
85 6.16233665744
85 4.85318612962
86 4.34401038212
86 5.50672354234
87 4.91018637629
87 3.67543754309
88 3.60671478339
88 5.46697770577
89 4.07698452736
89 3.05675803131
90 3.8711926974
90 4.45639480057
91 3.37968698344
91 3.87296063986
92 5.60983947748
92 7.74878690813
93 5.46191509559
93 4.79262101975
94 4.51370119723
94 4.91998881096
95 4.25016480851
95 3.80779952356
96 4.49400644161
96 4.67988403242
97 4.7258709286
97 4.83892962833
98 4.79205996835
98 3.1183073289
99 3.73380164642
99 3.53383686252
100 5.54601672769
100 5.2419311605
100 5.19778948216
101 3.45509137968
101 5.25453777892
102 3.33733417631
102 7.53004823346
103 2.47460937863
103 3.81673368355
104 3.398202753
104 5.69135909253
105 3.48360706542
105 4.40380837292
106 3.05951955261
106 5.56099419747
107 4.63634472634
107 5.39164656013
108 6.62522499342
108 3.66784255456
109 5.32446099006
109 5.46602437452
110 3.63701934034
110 4.30550658616
110 2.94697307053
111 4.18733268607
111 6.80436030797
112 4.39761185398
112 4.41634791202
113 4.18609869497
113 4.88941298525
114 5.58478723101
114 4.39118941191
115 2.98009764194
115 4.45222944333
116 6.4145073951
116 2.48300583082
117 3.92010666663
117 5.14113697467
118 4.17260206818
118 3.96068643327
119 5.99985096586
119 3.60717843563
120 3.32054288182
120 4.75183706367
120 4.67460328031
121 4.80425176827
121 4.84852465376
122 3.34600162894
122 4.61010598092
123 6.11387211963
123 2.40154122081
124 4.53000978897
124 3.33285971758
125 3.84327562748
125 4.74602155526
126 4.24112439488
126 4.12861896534
127 2.53427213752
127 3.4740415549
128 7.69920804871
128 2.92967707126
129 3.52584664267
129 5.74435121588
130 4.33723456621
130 4.82027728529
130 3.4872245188
140 3.75800413211
150 4.95654516019
160 6.11425366678
170 4.05980148966
180 3.26625263953
190 3.43260317301
200 3.36727167523
200 5.80887642027
200 2.96387678996
201 3.95907196828
201 4.36430697337
201 3.62529333919
202 3.06506513386
202 2.724881235
202 4.91855036209
203 3.51152011058
203 3.61484425991
203 3.95773896811
204 2.98651927906
204 3.83237094549
204 5.44717803809
205 3.26115675802
205 3.56149903104
205 3.80559315068
300 2.87604232806
300 3.24942592716
300 2.31865023622
301 2.6283347798
301 3.42424670008
301 2.79945277445
302 2.98828239182
302 2.66017947785
302 3.03203903488
303 3.6478317212
303 2.82855553836
303 3.0976012855
304 2.69818152052
304 2.649923587
304 2.67118746199
305 2.57492730132
305 2.34786730329
305 2.77457708074
400 4.0489099552
400 2.41680686333
400 2.76651951325
401 3.14538456577
401 3.03988060697
401 2.34276793365
402 2.69980457166
402 2.62241516428
402 3.34084322951
403 2.41376843861
403 2.90583144754
403 3.52826418123
404 3.23536046777
404 3.13471117326
404 3.03780570956
405 3.79900649844
405 3.43756194439
405 2.59996237548
600 3.13587996327
600 2.74635842222
600 2.84471575065
601 2.31975463009
601 2.55730100349
601 2.69117200026
602 4.25143180264
603 2.51848569119
1000 2.94681449503
1000 2.44201902689
1001 2.40352891512
1001 2.1746663617
1002 2.80435627248
1002 2.22998157594
1003 2.9651735673
1003 2.76121058783
10000 2.02820860199
10000 1.82655127278
