1 5.84764289344
2 5.91334607919
2 6.9544461927
3 5.40339027678
3 6.26637425671
3 6.11982787376
4 5.26874112925
4 5.95047756279
4 5.87921416783
5 6.7610659714
5 5.07612933384
5 5.69834906993
6 6.04846622346
6 5.38750464749
6 5.77567938242
7 6.21025332507
7 5.92797019814
7 5.49814399498
8 6.03406263532
8 4.92322786803
8 5.19440656572
9 5.04431814215
9 5.30129397699
9 5.13035739566
10 5.35256905925
10 6.43504498441
10 5.7997192942
20 6.24704063793
20 4.86703650713
20 5.43734599206
30 5.79053782574
30 5.74786560947
40 6.075751893
40 5.67682379117
50 4.97504846622
50 5.63301241968
60 5.49484620054
60 5.16230049027
70 4.81318654413
70 5.01624352087
80 5.23133043245
80 4.94186368758
90 4.15981709103
90 4.47173711716
100 4.37656729944
100 4.74756105323
100 4.14250616711
200 4.05155884599
200 4.00443876779
200 4.06935693936
300 4.15990492241
300 3.9562252024
300 4.218668681
400 3.92836368703
400 3.9439117982
400 3.87887938558
500 4.05310220841
600 3.94734844602
600 3.95495540831
600 4.03371592958
700 3.94806942385
800 4.11683182697
1000 3.87235564582
1000 3.91703635475
1 5.84764289344
2 5.91334607919
2 6.9544461927
3 5.40339027678
3 6.26637425671
3 6.11982787376
4 5.26874112925
4 5.95047756279
4 5.87921416783
5 6.7610659714
5 5.07612933384
5 5.69834906993
6 6.04846622346
6 5.38750464749
6 5.77567938242
7 6.21025332507
7 5.92797019814
7 5.49814399498
8 6.03406263532
8 4.92322786803
8 5.19440656572
9 5.04431814215
9 5.30129397699
9 5.13035739566
10 5.35256905925
10 6.43504498441
10 5.7997192942
11 6.99125945464
11 6.67109249397
11 7.33860233197
12 4.98836971145
12 6.89681510292
12 5.08081248634
13 5.73768449369
13 6.26244229421
13 5.52294730422
14 5.30502104462
14 6.71171465682
14 6.36924183253
15 6.87268240751
15 5.70044716015
15 4.97203857045
16 5.78515592858
16 4.88361637904
16 6.12762143532
17 5.07369546053
17 6.59263160439
17 5.87992894669
18 5.8413778722
18 5.75632131062
18 6.16171468453
19 5.15638277388
19 5.39417675378
19 4.70177108265
20 6.24704063793
20 4.86703650713
20 5.43734599206
21 5.05913089321
21 6.02066041912
21 6.62710626662
22 4.85209339771
22 5.34509660413
22 5.60465808998
23 6.98994599073
23 4.82243391556
24 4.73884357564
24 4.80164134418
25 5.35163236087
25 5.10037796376
26 6.05214241109
26 5.32994233161
26 5.14482520024
27 5.62301928495
27 5.62288566087
27 6.0892831031
28 4.96684933992
28 6.27655109208
28 5.99929234822
29 6.56834522657
29 6.74042137176
29 4.92824460801
30 5.79053782574
30 5.74786560947
31 5.7308295941
31 5.51031123519
32 5.2305560327
32 5.40586526413
33 5.17669377566
33 4.95518772408
33 5.22775324819
34 5.22133304155
34 4.88054481222
35 5.17262887477
35 4.99085282325
36 5.12808518377
36 5.09268006368
37 5.88192046318
37 4.90331427884
38 5.28477997342
38 5.07023016241
39 5.84678905342
39 5.24954815772
40 6.075751893
40 5.67682379117
41 4.99034467428
41 4.99472802193
42 5.83610649671
42 4.74102516143
43 4.61760872709
43 5.28703455463
44 5.36785959128
44 4.7221451892
45 4.53841435439
45 5.14202336117
46 4.82124931396
46 5.18109065714
47 4.3760707311
47 4.93459815325
48 4.35592164701
48 5.05182598679
49 4.98944314031
49 4.41708288509
50 4.97504846622
50 5.63301241968
51 5.47350374972
51 4.83969891865
52 4.9422409137
52 4.94737743225
53 4.41785121401
53 4.81414904613
54 5.26551931889
54 4.47837592565
55 4.36955299984
55 4.19867219882
56 5.51015325852
56 4.72675708822
57 5.18767074168
57 6.05059179692
58 4.65946260715
58 4.50920454662
59 4.55486501423
59 4.74075943358
60 5.49484620054
60 5.16230049027
61 4.44581559413
61 4.64060819613
62 5.15660322158
62 6.22391685019
63 4.32221070084
63 4.83105767449
64 4.93137973674
64 5.59219267259
65 4.7215411398
65 5.25774466245
66 4.34925927206
66 4.39481079371
67 5.6702837852
67 4.26551011394
68 5.05499195104
68 4.59418339256
69 5.24852734734
69 4.95634503984
70 4.81318654413
70 5.01624352087
71 4.37695055137
71 4.53217138278
72 4.38074351505
72 4.41910476613
73 4.30321892213
73 4.56621194077
74 4.07990411966
74 5.33195735915
75 4.81071492293
75 4.62277770882
76 4.4127186261
76 4.58716670342
77 5.07100339509
77 4.22467396556
78 4.46580465833
78 4.40346725478
79 4.63641199145
79 5.90160623864
80 5.23133043245
80 4.94186368758
81 5.03334913781
81 4.23241810508
82 5.13627628258
82 4.75192133658
83 5.1886544206
83 4.44462805581
84 4.66604187093
84 4.58040565063
85 5.30517390627
85 4.4729216218
86 4.85762600939
86 4.16122517054
87 4.87396952408
87 5.39205419323
88 4.24232823947
88 4.43629648636
89 4.80063901642
89 4.0936016629
90 4.15981709103
90 4.47173711716
91 4.27948950581
91 4.59102422293
92 4.58732669561
92 4.6196197582
93 5.01977221467
93 4.55996857782
94 4.15100324202
94 4.55303164063
95 5.50689197564
95 4.75426512402
96 4.19824225032
96 4.42689244386
97 4.26752903748
97 4.20350422693
98 4.2091181455
98 4.43060513612
99 4.44249731193
99 4.31945775394
100 4.37656729944
100 4.74756105323
100 4.14250616711
101 4.39346599213
101 4.5398023929
102 4.25851139834
102 4.54344204126
103 4.18138388208
103 4.27611101053
104 4.44948177684
104 4.43269813211
105 4.13014397462
105 4.47581444715
106 4.1184923083
106 4.57416631528
107 4.1378142564
107 4.45681062374
108 4.81705050502
108 4.29838911733
109 4.2239773888
109 4.25394557599
110 4.43703827401
110 4.24165015225
110 4.37742264591
111 4.28223689442
111 4.67872261754
112 4.44243300546
112 4.41525660048
113 4.25568260242
113 4.35168005828
114 4.69132932633
114 4.73066576132
115 5.59003724713
115 4.34964115953
116 4.40164056152
116 4.4970047047
117 4.59492402007
117 4.32909224214
118 4.27291121169
118 4.37760844519
119 4.46803467224
119 4.24025133309
120 4.67945634654
120 4.91826710922
120 4.36963029991
121 4.42388710554
121 4.35078408607
122 3.98660186335
122 4.47994192296
123 4.43929194788
123 4.3710704963
124 4.23138999447
124 4.50538201491
125 4.43810621038
125 4.52800734692
126 4.35739834804
126 4.12845289326
127 3.94021475919
127 4.64692785138
128 4.4153609786
128 4.26636175835
129 4.46135776262
129 4.87211041266
130 4.3162569231
130 4.54373729558
130 4.21319737674
140 4.14731031718
150 4.06728055245
160 4.11377946656
170 4.13989650636
180 4.06412997479
190 3.98594527511
201 3.94396050684
201 4.10025975399
201 4.64848264899
202 4.03679851602
202 4.24645287899
202 4.08993577802
203 4.15949328337
203 4.04023220634
203 3.9861073798
204 4.14127297115
204 3.93494056127
204 4.12778675724
205 4.33514647775
205 4.25350274126
205 4.19661881042
301 4.2932003093
301 4.04649886909
301 4.06709851757
302 3.99515958424
302 4.00843065248
302 4.11541277286
303 4.13685368681
303 4.00062570769
303 4.08525057536
304 3.87719089463
304 4.02465815993
304 4.16348629357
305 3.92354836149
305 4.13488981979
305 3.91265980518
401 3.97655869015
401 3.9079916341
401 3.94054891808
402 4.09106593608
402 4.01289110973
402 3.9458218589
403 3.93298951467
403 3.98229488765
403 3.95637432043
404 4.03407087406
404 3.93388604444
404 3.97171508832
405 4.14404936676
405 3.99660937691
405 3.9220149278
601 3.92147794844
601 4.06474388713
601 3.9052927221
602 4.04589294268
602 3.94785667118
602 3.93299858109
603 3.92070304654
1001 3.87938684539
1001 3.93580431617
1002 3.84699866504
1002 3.91261444884
1003 3.93709441101
1003 3.93096114377
10000 3.85079849953
10000 3.94548115819
