300 4.31305311784
300 3.61987339424
300 8.55192599325
300 4.50208573932
3000 5.22923083454
3000 4.21062228007
3000 4.3305051815
3000 2.40869431451
4000 2.20197008067
4000 4.41248675596
4000 5.99961970076
4000 5.12656074715
5000 4.96876216379
5000 3.29881924271
5000 4.1133658135
5000 3.70616714408
6000 4.42018670598
6000 5.87600600055
6000 3.62504926075
6000 3.54331052465
7000 4.57605185334
7000 4.50321709097
7000 6.46572282332
7000 6.04916979275
8000 3.26398718933
8000 5.32082007569
8000 4.90459362085
8000 4.15262787269
9000 5.47913484011
9000 3.91993638209
9000 5.33397940301
9000 3.49012533373
