300 3.49261884914
300 5.95425494384
300 3.9041924003
300 4.57277916098
300 3.78198523184
300 4.34002411291
3000 3.06185150852
3000 3.04648102703
3000 3.6517547216
3000 3.18829262941
3000 3.19788165419
3000 3.67757426112
4000 3.10643652762
4000 3.0588081145
4000 3.04046273465
4000 3.56765838529
4000 3.18261767262
4000 3.65356610697
5000 3.70650657193
5000 3.76547875188
5000 3.61922443661
5000 3.68202142762
5000 3.12647351611
5000 3.03594289164
6000 3.539715215
6000 3.70786612969
6000 3.68643622535
6000 3.54886716831
6000 3.0884850685
6000 3.05474192749
7000 3.54686652124
7000 3.15458330163
7000 3.49162592066
7000 3.68131635003
7000 3.58377637422
7000 3.5746550363
8000 3.10651590157
8000 3.54603583027
8000 3.10655540643
8000 3.64189709032
8000 3.70348003499
8000 3.55542820702
9000 3.07768374856
9000 3.5414187489
9000 3.68407688721
9000 3.63922160783
9000 3.49838753545
9000 3.66023091119
