1 20.4801696173
1 16.1102201731
1 18.4984992388
1 9.03089908874
1 17.6403195171
1 21.3950170465
2 8.84481621053
2 13.5133160726
2 8.36552892782
2 10.9061595543
2 14.65470256
2 12.2587316074
3 11.7437430478
3 20.0600939025
3 22.4224190331
3 10.2437660677
3 15.986423048
3 15.6951929446
4 5.14813574206
4 12.5170399365
4 7.89668185505
4 14.7927841655
4 15.9535516292
4 10.2252333524
5 13.2588459477
5 20.1490187453
5 13.3004504864
5 15.3109644113
5 7.30231891343
5 11.377367388
6 23.6664000889
6 8.16488385455
6 5.94709085622
6 15.8718665608
6 27.3477764348
6 10.7690064118
7 11.5401875259
7 10.3541023692
7 7.89139090224
7 8.88121502581
7 12.7325352037
7 18.5198483211
8 10.748322743
8 9.06961464688
8 9.21710907233
8 11.7288361656
8 11.3406284435
8 11.9411053644
9 7.71185232603
9 12.6172711123
9 15.4257697841
9 9.1625437611
9 9.17316099881
9 11.3473816945
10 12.3477058001
10 12.9802776655
10 15.6347253664
10 7.06146649349
10 7.3158270131
10 10.0392080364
20 14.5014443869
20 10.8215010015
20 9.29762510568
20 11.4412931274
20 9.89432627822
20 9.66949499247
30 6.3353883965
30 7.47388322722
30 6.63808434423
30 16.4182222478
30 8.18987461277
30 6.5086413814
40 6.94177000158
40 7.70830952532
40 13.6031811813
40 5.47567980443
40 7.68858634791
40 6.0234771516
50 15.5812146683
50 6.94523755024
50 4.44705005041
50 9.24062511238
50 4.94289078708
50 4.15738245878
60 16.5681694356
60 3.94357550598
60 6.73457611198
60 6.56965107311
60 4.10884677972
60 5.57218574636
70 12.7803152762
70 3.86202341813
70 4.96825010773
70 4.45192372389
70 10.0720229148
70 9.66215385966
80 8.44452787029
80 5.09733627362
80 6.94044881432
80 4.84659960545
80 4.38224696297
80 7.05444830628
90 4.49870550119
90 5.78513828531
90 9.18841251642
90 6.20163574662
90 7.86173793112
90 4.06142394727
100 5.27775407375
100 10.1853306465
100 7.6251865045
100 7.80060163123
100 5.06301531487
100 5.22904942319
200 6.94005413842
200 8.5065469738
200 6.07418506462
200 3.53444330453
200 5.07134006724
200 4.9464097051
300 4.96667157139
300 4.50331057146
300 2.95447893073
300 4.8445634906
300 4.27894708115
300 4.09603392978
400 4.11132415797
400 3.43805463367
400 5.39638896151
400 3.20133823074
400 3.70678593793
400 5.28410883368
500 5.41514934224
500 2.33331267348
500 4.97960865578
500 5.26242498275
500 5.21664701287
500 5.47187182645
600 4.24966801338
600 4.25668201748
600 7.11762544667
600 5.02719579096
600 2.78324366293
600 6.20513804306
700 4.29288871456
700 2.47038975767
700 2.96680419047
700 4.96576966056
700 4.18033316252
700 2.85017649885
800 1.91780383729
800 3.29070943548
800 1.99225924814
800 3.84819438173
800 4.20733764573
800 3.82673988706
900 3.03511584558
900 3.73943957042
900 4.50556211775
900 4.36504410081
900 4.11113991017
900 6.53187615926
1000 2.19655187651
1000 4.22523223169
1000 4.29186269104
1000 4.03606413721
1000 4.27252875547
1000 4.76653318463
2000 3.93331602312
2000 5.81771372759
2000 4.49003736889
2000 3.29218240268
2000 1.56115967484
2000 2.53440604392
3000 1.82290160368
3000 3.29040343126
3000 2.8513599588
3000 2.7408569958
3000 2.25725526349
3000 1.75768902494
4000 3.52964834168
4000 3.90961585218
4000 3.49441320864
4000 4.25217316007
4000 1.86429507484
4000 4.37624397119
5000 3.5187920893
5000 3.17051519006
5000 4.63292454478
5000 3.22463234232
5000 2.96194531012
5000 2.71060741767
6000 1.55787716463
6000 3.47462493587
6000 4.08871512916
6000 3.39018987954
6000 1.14302089356
6000 4.42737866168
7000 4.47905511552
7000 3.02528787629
7000 3.86531330118
7000 2.03269008911
7000 2.96009075525
7000 5.1413018708
8000 3.62693093726
8000 2.49047310881
8000 3.85331262554
8000 4.24708837342
8000 4.17152666045
8000 2.0233155704
9000 2.65427315641
9000 4.77228953569
9000 1.38717425765
9000 4.55967376536
9000 4.62145948354
9000 2.3119736854
1 20.4801696173
1 16.1102201731
1 18.4984992388
1 9.03089908874
1 17.6403195171
1 21.3950170465
2 8.84481621053
2 13.5133160726
2 8.36552892782
2 10.9061595543
2 14.65470256
2 12.2587316074
3 11.7437430478
3 20.0600939025
3 22.4224190331
3 10.2437660677
3 15.986423048
3 15.6951929446
4 5.14813574206
4 12.5170399365
4 7.89668185505
4 14.7927841655
4 15.9535516292
4 10.2252333524
5 13.2588459477
5 20.1490187453
5 13.3004504864
5 15.3109644113
5 7.30231891343
5 11.377367388
6 23.6664000889
6 8.16488385455
6 5.94709085622
6 15.8718665608
6 27.3477764348
6 10.7690064118
7 11.5401875259
7 10.3541023692
7 7.89139090224
7 8.88121502581
7 12.7325352037
7 18.5198483211
8 10.748322743
8 9.06961464688
8 9.21710907233
8 11.7288361656
8 11.3406284435
8 11.9411053644
9 7.71185232603
9 12.6172711123
9 15.4257697841
9 9.1625437611
9 9.17316099881
9 11.3473816945
10 12.3477058001
10 12.9802776655
10 15.6347253664
10 7.06146649349
10 7.3158270131
10 10.0392080364
20 14.5014443869
20 10.8215010015
20 9.29762510568
20 11.4412931274
20 9.89432627822
20 9.66949499247
30 6.3353883965
30 7.47388322722
30 6.63808434423
30 16.4182222478
30 8.18987461277
30 6.5086413814
40 6.94177000158
40 7.70830952532
40 13.6031811813
40 5.47567980443
40 7.68858634791
40 6.0234771516
50 15.5812146683
50 6.94523755024
50 4.44705005041
50 9.24062511238
50 4.94289078708
50 4.15738245878
60 16.5681694356
60 3.94357550598
60 6.73457611198
60 6.56965107311
60 4.10884677972
60 5.57218574636
70 12.7803152762
70 3.86202341813
70 4.96825010773
70 4.45192372389
70 10.0720229148
70 9.66215385966
80 8.44452787029
80 5.09733627362
80 6.94044881432
80 4.84659960545
80 4.38224696297
80 7.05444830628
90 4.49870550119
90 5.78513828531
90 9.18841251642
90 6.20163574662
90 7.86173793112
90 4.06142394727
100 5.27775407375
100 10.1853306465
100 7.6251865045
100 7.80060163123
100 5.06301531487
100 5.22904942319
