300 4.11038698316
300 4.26010786215
300 4.04109005666
300 4.20131433046
300 4.01525390287
300 4.26190104225
600 4.26144209784
600 3.97942860178
600 4.17433455302
600 4.22455382495
600 4.01050676052
600 4.18844337342
1000 4.03664152758
1000 4.41268456307
1000 3.97002380521
1000 4.12559196697
1000 4.12361945636
1000 4.2571353347
2000 4.1473734693
2000 4.09742629834
2000 3.98268067018
2000 4.1521785198
2000 4.12180557839
2000 4.21219440967
3000 3.9516349389
3000 4.37434612701
3000 4.05407803182
3000 4.04376399863
3000 3.99971782623
3000 4.09047167829
3000 4.02521620789
3000 4.27218546489
3000 4.18145066778
3000 4.15016216126
3000 4.08484866807
3000 4.04306584962
4000 4.04104201984
4000 4.06956333114
4000 4.16020006089
4000 4.0094268942
4000 4.03920401232
4000 4.41134653097
4000 4.42695677465
4000 4.02127177366
4000 4.23622056874
4000 4.1164344784
4000 4.02701134698
4000 4.31072625996
5000 4.15383239312
5000 4.17359909645
5000 4.17335492144
5000 4.27952262891
5000 4.10394282119
5000 4.08267073145
5000 3.97975849282
5000 4.28028169055
5000 4.36097634076
5000 4.1554084072
5000 4.06214478239
5000 4.11770888863
6000 4.32551547693
6000 4.13875927612
6000 4.12055854533
6000 4.0116478243
6000 4.21291992195
6000 4.12458610097
6000 3.9935739517
6000 3.9903680966
6000 4.23709778776
6000 3.98809466987
6000 3.9702011559
6000 4.10818456617
7000 4.19935104167
7000 4.01218068219
7000 4.20870036839
7000 4.34799658361
