1 6.54276717127
1 6.10644496787
1 7.29611781969
1 6.52420739468
1 7.23963998692
1 6.57091955668
1 8.63355731224
1 8.26896445478
1 6.59251803518
1 6.61296926864
1 7.08873460544
1 6.93548732737
1 6.74339901213
1 7.95285146197
1 6.19380450068
1 7.70365781237
1 7.40800517139
1 7.21558129469
1 6.66380056382
1 6.79941859587
1 6.60205731557
1 7.65874034797
1 6.61739836397
1 6.44580210186
1 7.65345166386
1 7.55058884635
1 7.32126010847
1 8.15418581535
1 7.07329551641
1 8.91412885274
1 7.54681777991
1 7.35766940215
1 6.94354571637
1 6.00065281344
1 6.33506925734
1 7.65565143097
1 6.79472214503
1 6.27038177041
1 7.16523466861
1 7.27388979291
1 7.19536932746
1 6.57555905322
1 7.66502649764
1 5.82802902252
1 7.10640664856
1 7.47220828705
1 7.34106131283
1 6.61642495663
1 6.65027911969
1 7.82952972982
1 7.49833513092
1 6.30268575565
1 6.34114415733
1 6.51840875732
1 6.89191904192
1 6.88101193027
1 7.63520617483
1 6.05878485585
1 6.80332496254
1 6.72175409679
1 7.06896843043
1 7.06869623349
1 6.40134276181
1 7.31203261875
1 7.06991781418
1 8.02147947221
1 7.22173827731
1 6.6619219447
1 6.81613724843
1 7.30322016538
1 6.82936739311
1 6.54324861621
1 7.22482686877
1 7.39987109614
1 7.746026075
1 6.77612551749
1 7.81510681753
1 7.555159898
1 6.1529356467
1 7.3922144971
1 7.23443022015
1 6.75558066233
1 7.1917215304
1 6.84342425473
1 6.9400456417
1 6.84186724766
1 7.74685823249
1 6.42643457577
1 6.91795093079
1 5.71276848449
1 7.59925044113
1 6.33139013299
1 7.75758807449
1 6.73018985043
1 6.73279233215
1 5.51850322402
1 6.46545623489
1 7.65419785658
1 8.10326221099
2 7.70776216154
2 5.28496910075
2 6.22932782362
2 6.3387424944
2 6.51835619771
2 7.2579162422
2 7.33627388264
2 7.39446434078
2 6.0451413198
2 6.53963356631
2 6.61386454823
2 6.47174307371
2 7.19262391283
2 6.00576491014
2 6.85508125078
2 7.38799697006
2 7.19797858302
2 6.58748725229
2 6.83391478479
2 7.27259895697
2 7.0372328973
2 6.55517292275
2 6.40744857698
2 6.9048529349
2 6.76493220409
2 6.902761809
2 5.56504969701
2 7.00757507744
2 5.95314448605
2 6.74444558111
2 7.13617709912
2 7.85840696135
2 7.26202034895
2 6.88245743908
2 6.89666210275
2 6.11362978751
2 6.8572244861
2 5.92694098626
2 8.16041911451
2 6.84297477776
2 7.38857936463
2 6.33932812006
2 7.55045128472
2 6.67321710815
2 5.72309204141
2 7.82821774467
2 5.37100829886
2 6.40008824349
2 6.72307888506
2 7.4791921667
2 7.48127093623
2 8.21154089877
2 9.36862163812
2 7.82701506217
2 7.0921055269
2 6.24738717051
2 6.62149973833
2 7.18877641556
2 5.45513436449
2 7.3590696966
2 6.33033130806
2 7.28871258353
2 7.17015015419
2 7.16902971362
2 7.64963070094
2 7.98831999159
2 8.09553856616
2 6.53788375062
2 6.98454066217
2 6.92199327644
2 5.94529296936
2 6.77927212989
2 7.18196727057
2 6.89498005318
2 7.19319958204
2 6.04085135143
2 6.47564965509
2 6.7911965334
2 6.81013726935
2 7.99707807414
2 7.29122524604
2 7.63550640218
2 6.75897635888
2 6.40151796398
2 6.20801024485
2 6.33069667303
2 6.45643503567
2 6.71354806505
3 6.66106320092
3 7.22280219993
3 6.97016842556
3 6.39128765127
3 6.78075438921
3 7.98738393042
3 6.95729876287
3 6.95286742691
3 7.49489702513
3 7.08827177818
3 6.57351125427
3 6.67658329554
3 7.63405001921
3 7.95199312337
3 7.71865927173
3 6.26661070397
3 6.51879094607
3 6.01790998298
3 6.44857102754
3 6.16958121379
3 7.19436054792
3 6.29244305194
3 6.20779593032
3 7.71188725473
3 5.80812166347
3 6.89140894668
3 6.3425709792
3 7.53125593404
3 6.89794177017
3 6.88746205471
3 4.91295227517
3 5.87574191579
3 5.40999911898
3 7.04337910271
3 5.70251798185
3 6.79503287599
3 7.15621108331
3 7.03858221824
3 6.74491406017
3 7.1430463256
3 5.91667610133
3 7.02887347751
3 6.13717078643
3 6.12936989001
3 6.56246898786
3 7.20172090219
3 6.65125814073
3 6.33842734798
3 6.83280605299
3 5.74270977024
3 6.38815047931
3 6.92312241288
3 6.42274858407
3 6.67886875383
3 6.41341168434
3 6.93760336343
3 6.41148392023
3 7.11785892636
3 6.77431487575
3 5.5885005408
3 7.57856871349
3 6.66242545657
3 6.33562107266
3 6.54891872373
3 5.86426833294
3 6.88578895382
3 7.12520300401
3 7.57354560486
3 6.41842948056
3 7.10889360095
3 6.35718019639
3 7.01028348183
3 7.74427613463
3 7.29236906953
3 6.67377083857
3 7.77573993489
3 7.13226280194
3 7.81426776153
3 6.31823150845
3 6.70032551151
3 6.55354932701
3 6.76605066377
3 8.08066472931
3 6.42791421352
3 8.08888980815
3 6.75955303586
3 7.62577419543
3 6.62231529714
3 6.80147288815
4 7.55737115224
4 6.39400984576
4 6.17243844184
4 6.58613312802
4 5.5064491236
4 6.98399522936
4 7.40858960228
4 6.34621537895
4 7.68396608729
4 6.53249467097
4 7.00002344871
4 8.20073847692
4 6.31520364607
4 5.75113039701
4 6.54448345714
4 7.42576829429
4 7.86791520535
4 6.38029220263
4 6.10961802111
4 5.77772875708
4 6.65886402946
4 6.63874921284
4 6.13999805165
4 7.33101285146
4 7.76999435929
4 6.24059704838
4 5.55210806744
4 6.5011115577
4 6.1868285204
4 7.201923972
4 7.53012812397
4 6.90371561167
4 7.54449313307
4 5.70517655902
4 7.03737213854
4 7.39790211064
4 5.29588676103
4 7.04657339174
4 6.16176393341
4 6.15549104398
4 6.68494529534
4 8.51475375699
4 7.73551291629
4 7.03509829205
4 6.55151143256
4 7.02088836791
4 8.03580175001
4 6.03919227959
4 6.80565995022
4 5.1080478369
4 5.84850020003
4 6.53628117595
4 6.32224555011
4 7.62718743498
4 8.01963043497
4 8.13765539665
4 7.64270005275
4 6.4612252502
4 5.38837480222
4 7.02553311107
4 6.86176933932
4 7.99860413141
4 7.29483227884
4 6.86921928076
4 5.99020788492
4 7.78329195495
4 6.41774281176
4 7.39002719026
4 6.91095267924
4 6.46378770183
4 6.55940061402
4 7.02368232495
4 6.13189077741
4 5.59240284177
4 7.50803868044
4 7.31983182171
4 6.53152277008
4 6.17514209831
4 6.97873212031
4 6.4167248065
4 6.4753986039
4 5.97897900885
4 7.24911893994
4 7.67625074353
4 5.623525737
4 5.80072591276
4 5.36192563291
4 7.4018955849
4 6.5099615304
5 6.2344907172
5 6.16592078677
5 7.01332615592
5 6.44202582344
5 6.74047352273
5 5.86297234389
5 6.13052508981
5 7.12911900158
5 7.58325256554
5 6.23211906212
5 5.86168183347
5 7.23141165622
5 6.10434525345
5 6.92943715052
5 7.32755430294
5 6.4259600709
5 7.17463830246
5 5.30328377231
5 7.39846508064
5 7.51850266646
5 6.77733423619
5 6.58278277743
5 7.31534773567
5 6.99365321129
5 7.09666177375
5 6.05882067825
5 7.33908760365
5 6.11286797962
5 6.36369433987
5 6.17835381716
5 7.13758160817
5 7.90752884839
5 7.32865472674
5 7.48868421027
5 6.87381706069
5 5.24200787068
5 6.65027033379
5 7.14702972913
5 7.40247169739
5 6.35755237676
5 6.5604844807
5 7.32791655111
5 6.35680373561
5 7.01769472995
5 6.25961554152
5 7.2098752401
5 7.09639711947
5 7.47293560583
5 6.5684413521
5 6.60141183353
5 6.86787935524
5 7.25884637799
5 5.85481828303
5 5.75665576041
5 6.31884239749
5 6.16774432168
5 6.43982329276
5 6.94816139711
5 5.87810458064
5 7.02734270349
5 5.11049888723
5 7.27125623671
5 6.54618079634
5 7.38005688434
5 7.71491014062
5 7.83629502146
5 8.07964075019
5 5.97456220063
5 5.30645378494
5 7.11634898294
5 6.88834194424
5 6.11045073962
5 5.6079969846
5 6.1489518172
5 7.82702046462
5 6.76975416841
5 6.93434573759
5 6.61972435103
5 6.06765631714
5 6.18024567575
5 6.59724172684
5 6.30445078132
5 7.55878072782
5 7.83053527482
5 6.59172698133
5 6.37194047441
5 6.44780199907
5 7.32531512218
5 7.90285566272
6 6.92393796477
6 5.75837904522
6 6.41276781957
6 6.13209836658
6 6.12408253573
6 6.03871822147
6 8.16610238877
6 6.40601152509
6 6.14880435108
6 6.66622496207
6 6.68346399876
6 5.60868096257
6 6.84821329873
6 7.79827912898
6 6.68616999282
6 7.94378268656
6 6.54441796974
6 6.71591178269
6 5.78946641241
6 6.12061361174
6 6.9102127686
6 5.5716380757
6 7.37185728013
6 6.38115369958
6 6.3308000607
6 6.85135761509
6 6.89523119095
6 6.11594777825
6 6.76611309324
6 7.37192053383
6 5.700580618
6 7.40901312325
6 7.65937662506
6 7.41452375111
6 6.32150812598
6 6.89992439339
6 6.15408608473
6 6.95097044638
6 6.76641766333
6 6.46609390069
6 6.58902976626
6 7.37039521074
6 8.16947236827
6 5.71777267762
6 5.88386189618
6 7.03570328688
6 7.40094147054
6 7.28353924867
6 6.86461117731
6 7.51411291205
6 7.22983407135
6 6.38715437129
6 6.00347007721
6 6.68372291121
6 7.9627548052
6 7.0775814745
6 7.69907717138
6 7.4806048383
6 6.8290630031
6 6.49204421255
6 6.69502298881
6 6.16839341228
6 6.00574977635
6 6.05748323232
6 6.8348939963
6 5.87650467257
6 6.56162409997
6 5.41664481906
6 6.33183958226
6 6.8481652377
6 5.89730395892
6 7.19470744067
6 7.79025238934
6 6.62730175569
6 6.35345276166
6 5.90316959013
6 6.28940909795
6 6.87440187252
6 6.74534982323
6 6.78068018517
6 6.38363596292
6 6.05973281972
6 6.99224415863
6 7.50946058469
6 5.88502786626
6 6.36899346871
6 7.77303915627
6 6.59028521615
6 6.10083689849
7 5.42985329853
7 6.78873820361
7 6.788239173
7 5.83995078367
7 6.87854781017
7 8.45051280686
7 6.57480771431
7 7.0332736628
7 6.36796718316
7 7.41427757598
7 6.3999821823
7 6.09109010512
7 5.9076253895
7 6.82665581998
7 6.87373622133
7 6.06898063443
7 5.86156888069
7 5.76041715092
7 6.95026591139
7 6.65813979631
7 6.39632785728
7 6.68111213534
7 5.63075185075
7 7.10994226512
7 6.89540735933
7 6.52679477724
7 6.36327544561
7 6.47081395954
7 7.14560919974
7 7.33809813095
7 7.15925869234
7 6.8896315681
7 6.27721110187
7 6.50419451122
7 6.68303430653
7 5.26968265866
7 5.61417947994
7 7.12526625078
7 7.20197812118
7 6.03428757467
7 7.34113015252
7 8.07105651573
7 6.20968650756
7 6.98504211695
7 7.24391144497
7 6.71133686275
7 7.98888566974
7 6.33969279241
7 6.8779696198
7 6.72283852795
7 6.79803788185
7 5.93611578477
7 6.00841261314
7 6.5281154548
7 7.40622965943
7 6.66545093979
7 6.63153188152
7 7.01347317877
7 7.63857439507
7 5.12642420029
7 6.9212259449
7 6.13490812925
7 7.02285249467
7 6.51239781403
7 6.67696144977
7 5.01791458892
7 6.51646688796
7 6.80249592877
7 5.92561018257
7 7.21187944196
7 4.81954784674
7 6.27217231227
7 6.68800714467
7 6.71193291583
7 7.78414177083
7 5.47128677095
7 5.82184275932
7 6.91808723877
7 6.5547946577
7 6.75913792332
7 7.28728527683
7 5.94398593991
7 6.45780090335
7 6.24484793902
7 6.60189074693
7 8.95681027397
7 6.37151100729
7 5.2913098221
7 7.44416345198
8 6.27956378258
8 7.09932709013
8 6.38092505471
8 6.4303271835
8 6.86526204102
8 6.07063522154
8 6.55834090254
8 6.25976308037
8 5.62277992868
8 6.50605158288
8 6.87225954454
8 6.75442962865
8 6.7160087082
8 5.79754126849
8 7.06016842002
8 5.19676055549
8 7.42310640986
8 6.3756543199
8 7.47428469475
8 6.24554237558
8 6.23348313244
8 6.57346802082
8 5.97150192009
8 7.29265030865
8 7.32160389134
8 7.78877068065
8 5.99531311773
8 6.25696892247
8 6.85879108598
8 7.09657591635
8 6.93594823954
8 6.34402295709
8 5.89589870183
8 5.6794414898
8 5.43218086477
8 5.85529139919
8 7.1547769716
8 6.57999943482
8 5.49774201109
8 6.97457432151
8 6.48774224104
8 6.19525304317
8 6.66302016596
8 6.58614053561
8 6.92899302405
8 7.28883971081
8 5.94373746181
8 6.09690248757
8 5.18747560586
8 7.6473575159
8 5.84534048322
8 6.46560274519
8 5.34728445122
8 5.48836143116
8 6.35358220577
8 7.30275606023
8 5.65175481296
8 6.71934771018
8 6.22646079843
8 5.98602650581
8 6.46240408226
8 7.12816158689
8 5.85648784116
8 6.19832953453
8 6.16754734001
8 6.28442159008
8 6.60641487691
8 6.44003937001
8 6.0799592489
8 5.8794284131
8 6.10522700267
8 6.32387212413
8 8.51511787524
8 6.18527141635
8 5.8881301093
8 6.00641892182
8 6.98822332928
8 6.49156677097
8 7.22585635077
8 7.56247135662
8 6.89534352383
8 6.98965922449
8 6.56625992908
8 5.45077193056
8 5.49220186714
8 7.05098504338
8 6.52939829443
8 7.30143893236
8 5.82918955551
9 6.94387046599
9 4.95464078482
9 5.8643200995
9 5.85265380846
9 6.93381387324
9 6.53311955443
9 6.07637328219
9 6.88683539467
9 6.75783138217
9 6.47929237177
9 6.21842205566
9 6.20164925046
9 6.08307763696
9 5.28401515609
9 7.68215631825
9 6.55221889387
9 6.81846532028
9 6.67830334234
9 6.6953223019
9 7.50180366358
9 6.37124178862
9 5.80896238523
9 6.40220098266
9 6.4572803322
9 5.41489857384
9 5.26979449285
9 7.80047554726
9 5.91790173385
9 5.64236051911
9 6.98153902938
9 6.33496391648
9 6.11030871751
9 6.36313450398
9 6.74462548619
9 5.57985516514
9 6.84431869625
9 7.30292011119
9 6.97408413223
9 7.15501668111
9 6.47944938915
9 6.02322940911
9 6.8018932092
9 6.12855544632
9 6.43563524024
9 6.12068074065
9 6.13379293875
9 5.81961850109
9 5.90486064032
9 6.80974759681
9 7.17489274404
9 6.45206356994
9 6.4102162317
9 6.63500367297
9 6.22853360449
9 5.87522465191
9 6.12493961722
9 6.47604999054
9 7.35965154401
9 6.13470273569
9 7.35748501928
9 6.26976907017
9 7.43299520456
9 7.19936488305
9 6.61928108342
9 6.74804397346
9 6.268812826
9 8.18928055079
9 7.0343803583
9 5.62753813022
9 6.68191599577
9 8.44586227685
9 6.688185242
9 5.89066275742
9 6.44627890623
9 6.21043815468
9 7.08721074378
9 6.45427292294
9 6.3641746489
9 6.19885955304
9 6.49154266772
9 5.28230837646
9 5.82449027185
9 6.50063322263
9 7.48004489852
9 6.74800055645
9 6.57184954355
9 6.81465299436
9 6.87398537473
9 7.5449871768
10 6.19225845781
10 6.79572847615
10 7.2388070433
10 6.80243714595
10 5.82908246924
10 6.19106334221
10 6.67910299855
10 6.3667005024
10 6.42012330817
10 6.69572445548
10 6.58391753796
10 6.31378576942
10 6.76847259628
10 6.40299880343
10 6.21128451785
10 6.83047433794
10 6.19983072667
10 6.97224835177
10 6.86831795112
11 6.9368180999
11 5.57792217867
11 6.38496162044
11 5.73644912983
11 6.53937520796
11 6.8269815462
11 6.18327901331
11 6.16411740024
11 6.85446787523
12 6.486119002
12 7.35233984989
12 6.51238188373
12 6.2117585171
12 5.63018359605
12 6.88654951845
12 6.69106713778
12 6.02715979937
12 6.27306672955
13 7.76243927091
13 6.72252945582
13 6.71119949851
13 5.12058293898
13 7.78416917788
13 6.21261746521
13 6.34295074724
13 5.5214793233
13 5.38439675612
14 7.60872929719
14 6.15679850978
14 5.797108127
14 6.53795150636
14 7.71001770549
14 5.49158157576
14 6.19556699136
14 7.29698133564
14 5.90885860277
15 6.40654214964
15 6.82858440484
15 6.27327490052
15 5.58877253688
15 6.28830083367
15 6.49566380258
15 6.07533861591
15 6.31432296003
15 6.820785285
16 6.47655838193
16 5.78109170646
16 5.55523388387
16 5.5343725005
16 6.37356045467
16 5.66893529194
16 5.44427342302
16 5.77501293125
16 5.48309984588
17 6.88620122314
17 6.45476278324
17 5.78525928854
17 5.77845423695
17 6.05789806781
17 5.85428855542
17 5.82365009379
17 6.24888103471
17 6.09833567463
18 5.33866156154
18 6.66464802826
18 6.10716741059
18 6.9534203054
18 5.48773769052
18 5.17296815906
18 5.80763553294
18 6.28391716395
18 6.31772783381
19 5.91642967685
19 5.52637830717
19 5.01046138522
19 5.90212136232
19 7.00496368514
19 5.62617080457
19 5.20596263291
19 6.90926570167
19 5.94449541526
20 5.88025954897
20 6.12579082874
20 6.00249715817
20 5.2478190064
20 6.02941329662
20 4.83290281573
20 6.40150181896
20 5.47582772471
20 5.23224489074
21 5.32787581456
21 6.18379834466
21 6.43858704581
21 5.4566782637
21 6.37954254333
21 6.04978568547
21 5.75921613072
21 5.90603052717
22 6.33962360295
22 4.83875381877
22 5.77144010012
22 6.86161800836
22 5.03191875587
22 6.01041050868
22 5.78358254792
22 5.59626080456
23 6.21615998721
23 6.60813889936
23 5.59747559062
23 6.09855268692
23 6.50110277525
23 5.86513309907
23 6.53344325127
23 5.76353032008
24 5.58115794189
24 6.47201286033
24 5.846389653
24 5.7510479196
24 5.82669060345
24 5.78175632218
24 5.49422914716
24 6.95508132004
25 6.45154714068
25 6.46736712326
25 6.1418366961
25 5.14108876143
25 6.93109920756
25 5.35212221078
25 5.94596461519
25 6.57581676743
26 7.13196578143
26 6.04650274084
26 6.09764897812
26 6.34242861423
26 6.41141502513
26 6.68088877864
26 5.80218430779
26 5.00000143719
27 5.36827070739
27 5.13544166281
27 5.77055008792
27 5.63779885249
27 4.98442874832
27 5.80656337158
27 5.6730557411
27 6.9924530811
28 6.11568272571
28 5.1397058518
28 5.36642128228
28 5.50838236981
28 5.70638429765
28 4.81137392148
28 5.42720479555
28 6.08689819816
29 5.79074395694
29 6.00651528977
29 5.02984500092
29 5.52979725157
29 5.60994954457
29 6.20081180133
29 5.88961003795
29 6.86116681715
30 6.09167258974
30 5.86004494631
30 6.28541870932
30 5.41196674695
30 5.53028909276
30 5.53660710649
30 6.16070666341
30 5.66642656005
30 4.43519236049
31 5.19475409222
31 5.84252595531
31 6.53948127261
31 6.45587457989
31 5.80449543465
31 5.38546222676
31 5.40727322243
31 5.18413869213
31 5.3040606655
32 5.42156442229
32 5.53090668638
32 5.32801644104
32 6.02278282037
32 5.65691950736
32 6.00505340392
32 6.78348811586
32 5.78055094885
32 5.76200800643
33 6.25693768522
33 5.87017789716
33 5.97439830551
33 5.61320636351
33 6.78493508955
33 4.83432030798
33 6.87791276594
33 5.16346311844
33 5.67104446411
34 5.64774590363
34 4.90423771351
34 4.85101982686
34 5.70563983302
34 4.90447833728
34 5.25063560179
34 5.52451712134
34 5.3768495671
34 4.80952621408
35 6.09085443706
35 5.91701267747
35 4.95963061297
35 6.47302303896
35 6.0739814164
35 6.25441250011
35 5.16029702258
35 6.38336452094
35 5.41946561174
36 6.22999523407
36 5.73675940019
36 5.79182067576
36 5.7045334492
36 5.34819141534
36 7.20439812128
36 5.72205109998
36 5.41103293334
36 5.64952092383
37 5.05243831648
37 5.57139930123
37 5.23157814867
37 6.53629776078
37 5.21449485493
37 5.01153027395
37 5.36560897533
37 5.19124882982
37 5.63825684525
38 5.65697526342
38 4.97573455668
38 5.25540488528
38 5.27758101044
38 5.06813084625
38 5.96980587263
38 6.03299394399
38 5.0811192555
38 4.88898469042
39 5.53010870285
39 5.10567825275
39 5.63714771173
39 5.37211763324
39 5.40902654972
39 6.18474406444
39 5.29669186818
39 6.17870363624
39 5.26622455688
40 5.71314257303
40 4.58116096172
40 5.59224079249
40 5.37442251265
40 5.45717667094
40 6.18723076056
40 5.27037647186
40 5.55328347795
40 6.05007751824
41 5.651850374
41 5.39513149149
41 4.80930370583
41 5.31515734084
41 4.97889786473
41 5.5751241871
41 5.27311520269
41 4.94373880896
41 5.65675196905
42 4.81241539624
42 5.69857292533
42 6.58205903258
42 5.51246259842
42 4.70063763117
42 4.86701209567
42 7.63527064408
42 5.65297453396
42 5.11809621862
43 5.83976050313
43 5.4740404451
43 5.53555980333
43 6.44731772478
43 5.60241615604
43 6.7755445705
43 6.34463142888
43 5.2502340681
43 5.98961186993
44 4.91126427944
44 5.8672653217
44 5.44274260051
44 5.59274903497
44 4.88218055309
44 5.58791518873
44 5.3948927759
44 5.31326617141
44 5.18369134843
45 5.21589428706
45 5.93355315651
45 4.97863605019
45 5.28519289727
45 5.36680555236
45 5.46562313252
45 5.44869215672
45 5.51850451576
45 5.32813907321
46 5.61389903734
46 4.74016393806
46 5.63185960942
46 5.34136091335
46 5.25256918046
46 5.61111188185
46 4.79631852766
46 5.64500528886
46 6.16250925343
47 4.98351131176
47 5.09189687802
47 5.86928092411
47 5.84598916518
47 4.92965788565
47 5.18771996286
47 5.45057231693
47 5.12153932513
47 5.54774328205
48 5.33723864259
48 5.57603864193
48 5.23463411418
48 5.3088533804
48 4.63190245848
48 4.41684629931
48 6.31732583607
48 5.04994357209
48 5.56925874636
49 4.78289474668
49 4.91930627407
49 5.04540446071
49 4.79302313662
49 4.84540845713
49 5.09722408922
49 5.52421472262
49 4.95338471849
49 5.66784622021
50 4.68382778802
50 6.54841958923
50 4.73101515789
50 5.58658170805
50 4.72080596323
50 5.10786046536
50 4.9259269705
50 5.12964708075
50 5.21674409948
50 5.13387905589
50 4.83435252875
50 4.86561782011
50 5.34170175605
50 6.07205044199
50 4.98617170706
50 5.49993038457
50 4.37735653515
50 4.98787680362
50 5.05043065844
51 4.77040523644
51 5.144455496
51 5.16647985038
51 5.3236639116
51 5.19090408766
51 5.51278717142
51 5.65425813893
51 5.20382447451
51 4.9913111173
52 4.8450462332
52 6.07620387034
52 4.9353421192
52 5.0915896448
52 5.15146344425
52 5.44115891711
52 5.62784069863
52 5.62149078273
52 5.04141003756
53 5.91394793644
53 5.06353953195
53 4.92677406092
53 5.10447324997
53 5.32866910904
53 4.71187997528
53 4.84663693287
53 5.67651467056
53 5.17372128147
54 5.05659698106
54 4.99089896918
54 5.31441202081
54 5.75794997982
54 5.05399312794
54 5.4688335631
54 5.74898579031
54 6.71653334157
54 4.67279881301
55 5.54321138432
55 5.34832795536
55 4.73074383019
55 5.30132849726
55 4.84655825102
55 4.82647466819
55 5.04876053235
55 5.7833584328
55 5.23428037833
56 5.29511240284
56 4.74168779971
56 4.85044274123
56 4.83598066809
56 5.52015561205
56 5.79256440968
56 5.15848740245
56 5.42224872578
56 5.56905778905
57 6.35704218801
57 5.48738669399
57 4.83138252108
57 4.95407659234
57 5.70300684477
57 5.51741029092
57 5.22373184742
57 4.93922703882
57 5.26075672266
58 4.70071454337
58 5.17009513924
58 5.64121754408
58 5.08724920508
58 5.30228023939
58 4.76680936178
58 5.36100087534
58 4.99918548012
58 5.91073241509
59 5.05565992252
59 5.03849369077
59 4.99758682223
59 5.87221837856
59 4.63356169308
59 4.29313792138
59 5.4033906508
59 5.20345121019
59 5.05472246572
60 5.21604676777
60 5.12357079552
60 5.50409535893
60 5.18554199256
60 5.2380685456
60 5.02982836068
60 5.17609366727
60 5.00453967934
60 5.04318406731
61 5.97906408706
61 5.29012472873
61 5.27144523591
61 5.34477747513
61 5.32898103823
61 5.54868122369
61 5.84004465472
61 4.90053098125
61 5.10625669246
62 5.37892849593
62 4.95127791162
62 4.94491900549
62 5.02512758441
62 5.37802781389
62 4.65423445126
62 5.99616411108
62 5.33381037204
62 4.94162147771
63 5.59270541711
63 4.44514241068
63 4.64574402898
63 4.55084790079
63 4.70798509228
63 5.20899318959
63 6.16866178941
63 4.48523838522
63 4.60332879274
64 5.2288098879
64 6.28249804404
64 5.01387975821
64 5.3681614255
64 5.05773707478
64 4.6387135532
64 4.87582866321
64 5.11393015338
64 5.30056073283
65 4.82850373517
65 4.92093568784
65 4.89704456163
65 4.85635456686
65 5.28572230281
65 4.9758417226
65 4.77783408409
65 5.51784692668
65 5.45885398298
66 5.00791055578
66 5.50993990328
66 5.01940730683
66 4.65427121563
66 5.03614291823
66 4.69134781934
66 5.0203933649
66 5.27414619461
66 5.6858147713
67 4.9418013897
67 4.76764004745
67 5.06366103861
67 4.60381044892
67 4.85867898167
67 4.8864777455
67 4.81191302373
67 5.22658821662
67 5.37783936187
68 5.0810933272
68 4.97169802212
68 5.16201367554
68 4.89279051263
68 6.10598617513
68 4.99633807692
68 5.02074562547
68 4.92312329598
68 4.77868259438
69 5.72365628237
69 5.16466543731
69 4.87425409471
69 5.23159751091
69 4.5893746123
69 5.2334053891
69 4.98831519172
69 4.47839470956
69 4.32379453316
70 4.65589690656
70 5.00767312846
70 4.9007634494
70 4.3551642719
70 5.04574190263
70 4.69362923272
70 4.75865374945
70 4.98285776414
70 5.21987867065
71 4.88279846878
71 4.83988204788
71 4.76306887113
71 4.53379918273
71 5.03757763599
71 4.48006975326
71 4.89029861839
71 4.82655009125
72 5.12116536126
72 4.85233459289
72 4.74021122682
72 6.10768405457
72 5.2947310002
72 4.82459198337
72 4.61821301545
72 5.27726587095
73 4.51037008727
73 5.10009094818
73 5.27547488927
73 5.80699241274
73 4.9474888474
73 4.69331381964
73 5.02764768222
73 5.19372158692
74 5.16620887592
74 5.29828528638
74 4.54807280384
74 5.18299614999
74 5.72552606018
74 5.00426817502
74 6.31536388068
74 4.74775167663
75 4.60566442802
75 4.83908342021
75 4.71268249201
75 5.43982139152
75 5.21920033409
75 4.78367036892
75 5.03243554184
75 5.56210048877
76 5.4969031975
76 5.20931024072
76 4.89967880353
76 5.69778634928
76 4.6582398871
76 5.06075959011
76 4.54022253041
76 4.71036084077
77 4.8102606911
77 4.49690447885
77 5.63221676682
77 4.82274017218
77 4.88536478871
77 4.72618517302
77 5.92980341936
77 4.65007836324
78 5.15996255894
78 4.88503836987
78 4.57267315409
78 4.67746535644
78 4.78914283678
78 4.96557836144
78 5.05504158433
78 5.54414001019
79 5.14916293874
79 5.41541702556
79 4.67423004342
79 4.71112742428
79 4.84077455698
79 4.81629421386
79 5.60584499108
79 4.69001581741
80 4.79606333113
80 4.63484681143
80 4.97430143888
80 4.82416184094
80 4.69347482998
80 5.17424364651
80 5.1133424741
80 4.8791658436
81 4.56132769244
81 4.7310805033
81 4.77892991581
81 4.89459646187
81 5.61164740324
81 4.66229652847
81 4.42390838289
81 4.60729247386
82 4.66346090897
82 5.02798075716
82 4.91472303921
82 5.0805226968
82 5.13604612432
82 5.30599083994
82 4.82697999472
82 4.84997796423
83 4.79605699364
83 4.72574423261
83 5.33735310875
83 4.78735164385
83 4.9418188507
83 4.90183235544
83 5.1478398751
83 5.28190120483
84 5.37929301591
84 5.00977560644
84 4.94419758785
84 5.35736730127
84 4.89599834242
84 5.21660683568
84 5.22828394893
84 4.49937144564
85 4.75512135359
85 4.82738132755
85 4.88241606531
85 4.81046741796
85 5.10438536318
85 4.98994185578
85 4.58991810231
85 4.51064936973
86 4.97632353463
86 5.25724350549
86 5.45460368799
86 4.76010248934
86 4.48163364499
86 4.87219959465
86 4.57339610589
86 5.01573683679
87 4.65918411774
87 4.7113059545
87 4.69460673345
87 4.2248164552
87 4.43951555047
87 4.82709503576
87 4.81756014313
87 4.66465795007
88 4.46766728481
88 4.91404457451
88 4.881342678
88 4.79231501039
88 4.77897652926
88 4.49693252658
88 5.78359442639
88 4.75729009124
89 4.45615930982
89 4.22719417419
89 5.00370006923
89 5.1262830959
89 5.73220496801
89 4.30514975801
89 4.76232130009
89 4.33578235313
90 4.77041946982
90 4.67494357556
90 4.71135907167
90 4.9785310591
90 4.65849331398
90 4.70274721199
90 4.72816140334
90 5.05733547183
91 4.93253964637
91 4.76119780852
91 4.56518043631
91 4.56878273504
91 4.77297155637
91 4.71650395016
91 4.89189117774
91 4.70954526118
92 4.39597894208
92 4.92166953112
92 4.69988613296
92 4.77257188584
92 4.96552897404
92 4.98917542118
92 4.56193995633
92 5.02440431055
93 5.13374664736
93 4.38918886843
93 4.78268712635
93 4.7929759379
93 4.74835940039
93 5.20101123488
93 4.73714935671
93 4.66669281083
94 4.56738468123
94 4.83217757828
94 5.22606423777
94 4.85333403588
94 5.46582072369
94 5.60270749359
94 4.60411280954
94 4.87613400557
95 4.74348758115
95 4.79999949439
95 4.54302989315
95 4.68479984474
95 4.3457585394
95 4.82035199806
95 4.28032202346
95 4.46222483518
96 5.4919665731
96 4.33121484771
96 4.76184231742
96 4.90624550315
96 4.87879182432
96 4.8525472001
96 4.7971175432
96 4.29845241258
97 4.54763680529
97 4.50822637404
97 4.77648344024
97 4.97113745552
97 4.80265326476
97 4.32472526807
97 5.20635310543
97 4.5659598368
98 5.75381274496
98 5.07918744994
98 4.99629675509
98 4.88747745862
98 5.02514685662
98 5.24423379119
98 4.26660914211
98 5.51251660561
99 4.84001760437
99 4.60534073811
99 4.5911361714
99 4.97192395192
99 4.67667758908
99 4.80897122308
99 4.69771096085
99 4.97982475558
100 4.84652880074
100 4.57006206654
100 4.67270504932
100 4.68104975435
100 4.60628807169
100 4.5165738738
100 4.74860903171
100 4.98833853654
100 4.76183443885
100 4.82829991733
100 4.77586987422
100 5.07852636313
100 4.64893070609
100 4.63376483561
100 5.00410469548
100 4.49084496892
100 4.57789128427
100 4.61323248228
100 4.76784432589
100 4.91206035826
100 4.81140215275
100 4.86185262364
100 4.56022087227
100 4.45682997906
100 5.04735666052
100 5.00039179542
100 4.37769877348
100 4.44132892807
100 4.97850304255
100 4.88815738475
100 5.14402099697
100 5.47675234723
100 5.08688670756
100 5.61872872439
100 5.12927670812
100 5.42952948048
100 4.50395880853
100 5.12519057838
100 4.9393592638
100 4.34928360387
100 4.62352077783
100 4.65029760924
100 4.39816056942
100 4.8250035012
100 4.56139127513
100 4.91025097016
100 4.56670964501
100 4.49261126555
100 4.58314788959
100 4.68248877675
100 5.24374927102
100 5.20042104138
100 4.99343773662
100 4.40806297415
100 5.63649514763
100 4.77473882614
100 4.52754970047
100 4.64584711535
100 4.46963075011
100 4.61857325848
100 4.91607930022
100 4.46522924884
100 5.19160482708
100 5.00299892464
100 5.50614207393
100 4.56498065992
100 5.01763481816
100 4.42534754035
100 4.82590369841
100 4.76267116418
100 4.94289556259
100 5.04014419487
100 5.77766654924
100 4.4218376824
100 4.86490839521
100 4.92418192697
100 4.70012324514
100 5.00898848322
100 4.52789002716
100 4.58568389347
100 4.51279951048
100 4.73146406692
100 4.61713564556
100 4.49365866222
100 4.63270948765
100 4.69363582648
100 4.59451015772
100 4.85104002717
100 4.79745355485
100 5.44059040267
100 4.55858793652
100 4.19287927905
100 5.3120716376
100 4.97624559735
100 5.30723429362
100 4.25700551715
100 4.63275267608
100 4.43430024619
100 4.88471428516
100 4.87845943854
100 4.87524712403
100 4.71209678671
100 4.9904748768
100 4.83816142966
100 4.6612969608
100 4.94366276254
100 4.31124240644
100 5.0285659153
100 4.9503357727
100 4.74535017993
100 4.49608538421
100 5.2034686885
100 5.3430984073
100 4.76377964318
100 4.90347474548
100 4.66425049793
100 4.50951343174
100 4.72395772873
100 4.75475544491
100 4.80758268243
100 4.77349665727
100 4.42838064587
100 4.47994914355
100 4.9773741416
100 4.46950886598
100 4.37731349216
100 4.26972061434
100 5.02489326697
100 4.60638967932
100 5.68024365676
100 4.9057459704
100 4.6283427179
100 5.10032839974
100 4.6951251921
100 4.85158464269
100 5.80029144836
100 4.36913628735
100 4.67885620352
100 4.70644835132
100 4.66100420685
100 4.7289592241
100 5.39490641709
100 4.88392468236
100 4.41121810926
100 4.48359782024
100 4.82464356639
100 4.62423923451
100 4.75287913568
100 4.5300065896
100 4.38443796366
100 4.40355516235
100 4.71656027764
100 4.77489456217
100 4.80232902075
100 4.76110745945
101 4.59356429595
101 4.54996980515
101 4.53289250259
101 5.28044072154
101 4.38474229133
101 4.76273462566
101 4.33427382959
101 4.76648750039
101 4.9805620966
101 4.80861421806
102 4.09482814389
102 4.53213415435
102 4.80313950264
102 4.4445752711
102 4.49857971995
102 4.42523436247
102 4.44567449666
102 4.51104078767
102 4.35123174491
102 4.81534586559
103 4.52268119889
103 5.12335212786
103 5.02512732814
103 4.30213853934
103 4.46674086494
103 4.55969585449
103 4.43617080319
103 4.69315931647
103 4.49819006126
103 4.83560907991
104 4.78277404693
104 5.18159629882
104 4.58791097412
104 4.82385460426
104 4.82217488536
104 4.29794057193
104 4.45050557242
104 4.68759373598
104 4.45879241582
104 4.41194223506
105 4.67653432025
105 4.2531059174
105 4.42870395138
105 4.53002043858
105 4.92198181701
105 4.37389735981
105 4.46854532504
105 4.59022451131
105 4.44915468616
105 5.22256187053
106 4.68397669826
106 4.80353181406
106 4.79085513315
106 4.96956927992
106 4.39526278144
106 4.66653956478
106 4.45978631784
106 5.78913577896
106 5.17693525481
106 4.67333056654
107 4.59611379902
107 4.55738231731
107 4.56092277529
107 4.46944600361
107 4.81541033137
107 4.8234993481
107 4.59757119668
107 4.89948260799
107 4.76587979395
107 4.88548211539
108 4.84509667339
108 4.49836465739
108 4.51435362932
108 4.44644155809
108 5.01781154063
108 4.29663090013
108 4.75941085097
108 4.71093946748
108 4.34553940769
108 4.64550935483
109 4.65358975881
109 4.73164732081
109 4.69005533148
109 4.57497575477
109 4.91793893458
109 4.50902490821
109 4.53455245059
109 4.48131505624
109 4.89476784076
109 4.80609040433
110 4.95715632171
110 4.74340719545
110 4.60905629437
110 4.40347513681
110 4.52214476324
110 4.68684980813
110 5.34075990456
110 4.8784246516
110 4.79114186129
110 4.51625677765
111 5.50372814813
111 4.88443638794
111 4.72891150245
111 4.72276245383
111 4.47200384239
111 4.76872253927
111 4.37381555424
111 4.59860189077
111 4.53046937531
111 4.85832832106
112 4.88227633923
112 4.54841909747
112 5.02086039292
112 4.40649800539
112 4.69590406965
112 5.25274855568
112 4.56761601001
112 5.07044134629
112 4.78184348172
112 4.53503104885
113 4.73531489569
113 4.78095307473
113 4.92046751008
113 4.87411354441
113 4.24452374696
113 4.30113577176
113 4.51669820636
113 4.52261639719
113 4.60698636962
113 4.69718639674
114 4.40191895742
114 4.81532066454
114 4.55889679047
114 4.49033963199
114 4.47454861832
114 4.39713594962
114 4.37919229137
114 4.11532268007
114 4.5325135553
114 4.48104760723
115 4.48780649557
115 4.64394086754
115 4.62974825896
115 4.22415726617
115 4.63879910239
115 4.40263908679
115 4.68877226329
115 4.45571134969
115 4.66755218837
115 4.34934634502
116 4.45142384705
116 4.50021689801
116 4.83431711499
116 4.17345780118
116 4.29640279204
116 4.52926134231
116 4.42686525845
116 4.749276269
116 4.78230616007
116 4.66321723074
117 4.89507297533
117 4.60248006426
117 4.56560868443
117 4.60248351698
117 4.4356891851
117 4.3172277435
117 4.9422386419
117 4.66789907765
117 4.69227970053
117 4.50133162445
118 5.12425664356
118 4.59362834962
118 4.36770779626
118 4.56304841801
118 4.58385838459
118 4.61566035748
118 4.81641523915
118 4.33926363696
118 4.95216156209
118 4.71917616505
119 4.57303042923
119 4.9049741091
119 4.38545779051
119 5.14017081926
119 4.62417227182
119 4.70056958453
119 4.9167542464
119 4.43477650685
119 4.73459195082
119 4.43582436757
120 4.82610326701
120 4.95361008726
120 5.06911665498
120 4.67811051641
120 4.9696628566
120 4.35765714967
120 4.7530712586
120 4.78353569552
120 4.6456820601
120 4.32539917877
121 4.43906334803
121 4.59565536991
121 4.51548570941
121 4.7146811529
121 4.74046879212
121 4.45894360132
121 4.70091787638
121 5.09173007389
121 4.52831472905
121 4.94381874099
122 4.89066365436
122 4.47653116882
122 4.7186173023
122 4.40106411656
122 5.60418144837
122 4.2500385548
122 4.7705484845
122 4.7289767509
122 4.64075180089
122 4.52391082784
123 4.67719664685
123 4.46842191021
123 4.66093080624
123 4.62143581279
123 4.4448814169
123 4.65855170547
123 4.39019201002
123 4.44925698294
123 4.43144688297
123 4.56944404349
124 4.63575607506
124 4.36253797299
124 4.70465380611
124 4.88551325221
124 4.40783817679
124 4.17148878451
124 4.51236796549
124 4.379778201
124 4.5340432142
124 4.26104658145
125 4.29040438521
125 4.57237286094
125 4.55200506764
125 4.69013567562
125 4.35442354396
125 4.58637373448
125 4.77180614732
125 4.68054159499
125 5.12052542712
125 4.53737852451
126 4.76795508998
126 4.51535663239
126 4.6222286536
126 4.69648173362
126 4.70681493531
126 4.51383860608
126 4.59625856739
126 4.47238465976
126 4.59089471649
126 4.61215541715
127 4.81669093729
127 4.40891587913
127 4.62070299113
127 4.70569634057
127 4.724178076
127 4.81922349191
127 4.98409567339
127 4.44324605697
127 4.68061561203
127 4.73399146842
128 4.42564590454
128 4.49031663694
128 4.57060770714
128 4.46494216746
128 4.30087120751
128 4.57533505237
128 4.54007662961
128 4.87252354776
128 4.39650500572
128 4.48925632634
129 4.79125730751
129 4.42279238894
129 4.64517410506
129 4.99769285572
129 4.61683571258
129 4.90319605868
129 4.09435468834
129 5.03080443461
129 4.71422512719
129 4.67417369863
130 4.42454226697
130 4.4946256628
130 4.54997560932
130 4.45340212408
130 4.47446788977
130 4.55930366081
130 4.38971038847
130 4.51922928915
130 4.24536286876
130 4.40807234186
200 4.3013596791
200 4.80141491916
200 4.22177683903
200 4.16367277508
200 4.98316984225
200 4.35257709366
200 4.22190484594
200 4.44580442907
200 4.37377079008
201 4.27026977345
201 4.35896061904
201 4.56970235336
201 4.70576385736
201 4.20524664542
201 4.19646987593
201 4.52861305515
201 4.50662918451
201 4.41933293309
202 4.42233386979
202 4.10123312669
202 4.04264061194
202 4.37704808638
202 4.64897390492
202 4.47373204828
202 4.23869313124
202 4.39192287212
202 4.23184000822
203 4.68129934758
203 4.49289658421
203 4.23394789558
203 4.28332405105
203 4.2246640299
203 4.33744753043
203 4.34059331515
203 4.16713784118
203 4.26136201878
204 4.31515541535
204 4.39926060536
204 4.30634784843
204 4.40231899851
204 4.42950969574
204 4.3638956712
204 4.37482855877
204 4.43492249076
204 4.21897435235
205 4.83407086021
205 4.43887563711
205 4.25132756222
205 4.4954889017
205 4.29495544779
205 4.31585283018
205 4.22331889586
205 4.49082805509
205 4.39029506177
206 4.15542698685
206 4.38146230419
206 4.88632637992
206 4.32251027366
206 4.29436769578
206 4.2695555106
206 4.20476801946
206 4.32908569686
206 4.27627531083
207 4.26405772048
207 4.56412060015
207 4.18914891454
207 4.3155123892
207 4.40197373342
207 4.21799191322
207 4.40473815707
207 4.24712823382
207 4.17701151248
208 4.31678543516
208 4.31675403861
208 4.50593044331
208 4.45566298737
208 4.42415484199
208 4.38576697692
208 4.50606518597
208 4.27806595312
208 4.90657699545
209 4.22578659336
209 4.54632551968
209 4.35771540956
209 4.27869691434
209 4.21628137612
209 4.32838749244
209 4.33870145309
209 4.32103721236
209 5.48090663097
210 4.14897036562
210 4.45919605854
210 4.4276148658
210 4.35170023782
210 4.45807018781
210 4.22331321636
210 4.30292648331
210 4.39857412703
210 4.2877603912
211 4.08983784475
211 4.13368520834
211 4.34915562812
211 4.62286476447
211 4.53421550736
211 4.64400080012
211 4.22731670247
211 4.2899795448
211 4.27811888675
212 4.29779999047
212 4.18400685848
212 4.1199917862
212 4.28415697389
212 4.34159037552
212 4.47762193401
212 4.59184109425
212 4.26693215672
212 4.24341547229
213 4.40549555642
213 4.51316602867
213 4.25348098947
213 4.468076375
213 4.19671853066
213 4.21978075816
213 4.69885743016
213 4.34567808098
213 4.56440210939
214 4.47770889961
214 4.4825834547
214 4.39889215129
214 4.58896086769
214 4.27698928971
214 4.29703371171
214 4.27843993431
214 4.44376501085
214 4.18020695473
215 4.34083185759
215 4.19916875331
215 4.44778817088
215 4.50066519406
215 4.42488434253
215 4.24819385337
215 4.23767100488
215 4.02554896172
215 4.61827467611
216 4.32848163014
216 4.30020988175
216 4.26343697543
216 4.62238614197
216 4.3388151262
216 4.13301781174
216 4.24722305375
216 4.34466012421
216 4.16868424075
217 4.30086854092
217 4.24538901524
217 4.34994515127
217 4.62019434693
217 4.23654526575
217 4.43283875167
217 4.34459432859
217 4.38633577533
217 4.41774015902
218 4.62180760183
218 4.10563180553
218 4.29049750476
218 4.01066785581
218 4.38175354477
218 4.24766494305
218 4.38314231399
218 4.74641776653
218 4.27632787044
219 4.35013057654
219 4.33868103114
219 4.6937077137
219 4.41284353353
219 4.28473024663
219 4.37506380087
219 4.10027091212
219 4.33004759628
219 4.18410607657
220 4.26658087275
220 4.31989135949
220 4.27900843142
220 4.45489099447
220 4.48702833142
220 4.38999876506
220 4.45959551782
220 4.15213971333
220 4.31840534962
300 4.30412504471
300 4.17134501699
300 4.07757070423
300 4.30151572335
300 4.29520707732
300 4.28238899765
300 4.18815372078
300 4.38777809808
301 4.05721466818
301 4.21000561232
301 4.26324085954
301 4.13477246194
301 4.27155228755
301 4.22761649692
301 4.11100081993
301 4.35998965084
302 4.33219596739
302 4.07247852387
302 4.23413138843
302 4.07458574631
302 4.08141479033
302 4.11528557632
302 4.13878050896
302 4.25522276728
303 4.0070319476
303 4.05279111383
303 4.12377609557
303 4.24416873668
303 4.1762955527
303 4.09815825953
303 4.17007714492
303 4.31846968034
304 4.24742339463
304 4.02549740294
304 4.32007718994
304 4.24965563186
304 4.46300304781
304 4.09357681163
304 4.15033068539
304 4.29606174502
305 4.203668361
305 4.13266655548
305 4.17714533396
305 4.20860731262
305 4.17797873124
305 4.20547610759
305 4.14611952008
305 4.08051109539
306 3.98417223927
306 4.13497795246
306 4.03281688906
306 4.22909342306
306 4.28932090987
306 4.07682514871
306 4.11494689114
306 4.11387081646
307 4.26424979491
307 4.11445998834
307 4.42391766402
307 4.17397036216
307 4.28089784506
307 4.18077280949
307 4.1835679336
307 4.19503273054
308 4.24485128438
308 4.26899765215
308 4.23570237608
308 4.22242973212
308 4.08750173155
308 4.21328806172
308 4.30311570069
308 4.11783778061
309 4.17439787609
309 4.19362994958
309 4.02395804734
309 4.26146395887
309 4.05213510047
309 4.20821760891
309 4.10640795415
309 4.46695824086
310 4.3275899141
310 4.45716257955
310 4.09007314226
310 4.09385104141
310 4.15862459353
310 4.11384998239
310 4.02189669378
310 4.10802335272
400 4.09762212171
400 4.01782161482
400 4.17923710747
400 4.11709070479
400 4.13706174696
400 4.17466268968
400 4.13402043387
400 4.04519978748
400 4.23773388456
400 4.1010108574
400 4.08677854773
400 4.31674081299
400 4.15424234023
400 4.18132388025
400 4.14872103905
400 4.24510022308
400 4.27993685297
400 3.96885496165
400 4.00489070011
401 3.99625055029
401 4.0799096918
401 4.23841086012
401 4.12611403382
401 4.27001995859
401 4.1257716258
401 4.31224785793
401 4.16773114455
401 4.22383474679
402 4.16920230114
402 4.14966767309
402 4.20381494404
402 4.27525929339
402 4.17216502589
402 4.10588471295
402 4.15821712408
402 4.2180112166
402 4.17448633083
403 4.17517960032
403 4.23886898101
403 4.11857284291
403 4.23991253017
403 4.17566232314
403 4.28528387316
403 4.07653151166
403 4.09982729127
403 4.2108412156
404 4.12319371831
404 4.34247052132
404 3.97350641285
404 4.28237515906
404 4.2220488732
404 4.04465437544
404 4.13122377214
404 4.15332328985
404 4.16103601897
405 4.08028701143
405 4.14071881823
405 4.22653093679
405 4.02563478103
405 4.04840407796
405 4.14701079631
405 4.15790415249
405 4.29059640424
405 4.36776492025
406 4.13707609809
406 3.99548950428
406 4.22911523718
406 4.14948315862
406 4.24938647207
406 4.08181718979
406 4.16353987133
406 4.37733194015
406 4.24570958835
407 4.23692287628
407 4.19428256909
407 4.17827273885
407 4.19811625201
407 4.14501992742
407 4.34192073884
407 4.13222703494
407 4.02908820415
407 4.14485058484
408 4.16130677872
408 4.00694961564
408 4.16799814336
408 4.17155500263
408 4.04171650889
408 4.09551636762
408 4.12844222342
408 4.1687721968
408 3.99203731403
409 4.01895940211
409 4.20986217032
409 4.1844392831
409 4.15331007117
409 4.17305959208
409 4.15814947916
409 4.17029080492
409 4.21314033586
409 4.1426279335
410 4.10736166332
410 4.09990590732
410 4.0716726687
410 4.06580702709
410 4.12264469425
410 4.3150356818
410 4.12277405178
410 4.10068416151
410 4.16794997497
1000 4.04308359905
1000 3.99104240079
1000 4.02256817339
1000 4.07393827991
1000 4.00434887932
1000 3.97503227964
1000 4.06741511503
1000 4.04856648394
1000 4.04291651787
1000 4.08624184195
1000 4.01612994127
1000 3.97584683069
1000 4.1111006683
1000 4.01653014512
1000 4.06144985708
1000 4.06287696639
1000 3.97300313647
1000 4.07642663832
1000 3.9777879624
1001 4.04828683093
1001 4.02834568578
1001 4.04241014893
1001 4.0446441939
1001 4.05340978101
1001 4.09527500275
1001 4.05441859172
1001 4.01552151103
1001 4.05118195232
1002 4.01834943079
1002 4.07167314314
1002 4.01020569346
1002 4.0281361642
1002 4.10531784003
1002 3.97249831901
1002 4.11080231796
1002 4.09114424391
1002 3.93667281207
1003 4.0492530627
1003 4.06405327038
1003 4.15142038741
1003 3.99194343606
1003 4.08636690869
1003 4.06890859483
1003 4.09634817534
1003 4.06668030208
1003 4.10226476968
1004 4.09511503826
1004 3.9501010189
1004 4.0662813311
1004 4.1896552523
1004 3.98872189236
1004 4.07149254891
1004 3.99259860442
1004 4.04670545049
1004 4.11358336452
1005 4.12668229891
1005 4.2033929226
1005 4.01766848651
1005 4.00773256927
1005 4.12465770973
1005 4.06665730704
1005 3.94212161651
1005 3.99856742591
1005 4.08864925364
