1 5.19842780893
1 6.71704718652
1 5.70616000954
1 7.89375121393
1 9.45583235391
1 6.74327493093
1 7.52997122641
1 6.81975179129
1 5.78812959265
1 6.23291590429
1 5.97044768661
2 6.83251108223
3 6.27660815121
4 6.48328489151
5 9.29441912644
6 8.05836492975
7 6.04105161865
8 7.20862319961
9 9.94042782501
10 3.97496466825
10 12.2730697334
10 7.12620338013
10 6.77049115615
10 9.08413190902
10 11.9906867399
10 6.5278438032
10 8.04619379026
10 6.60099326115
10 10.8072857819
10 4.08412257158
11 6.27335560932
12 10.2801555845
13 6.63270004413
14 4.08294439046
15 8.60754168354
16 5.28322787087
17 7.13461110165
18 6.0779267288
19 4.45997146972
20 6.7959160953
30 5.91870189695
31 3.82677733545
32 6.48587656798
33 4.35132229593
34 4.11220063185
35 5.62470962035
36 6.34905327634
37 5.86543608999
38 5.52146328302
39 4.96390000477
40 4.25023859576
41 4.17312206704
42 8.10246206742
43 4.7185265484
44 5.41242692741
45 5.29230665388
46 3.19817276801
47 7.45570905676
48 4.72853370914
49 5.8415832217
50 3.60667104768
50 5.05090724454
50 4.39274833522
50 7.4789533815
50 6.06839985596
50 4.72519074433
50 4.31022843341
50 4.41427059974
50 5.87152850182
50 7.63934753999
50 4.8123487784
51 5.76630305635
52 6.66831111164
53 7.05212205632
54 2.80014959439
55 4.30252987442
56 5.66385335298
57 4.81744814804
58 4.28856718054
59 2.73144615354
60 5.44161501622
61 3.78585814747
62 5.86926900213
63 3.01033807106
64 3.07893525827
65 3.35259552575
66 6.49931818973
67 3.60166666236
68 5.49094729207
69 3.66905159216
70 3.82567723466
100 3.26016049601
100 5.0445771036
100 5.00464210335
100 6.93278956228
100 4.17453287923
100 5.30538926712
100 4.15968473837
100 5.30009912391
100 3.67658594098
100 5.16893383845
100 5.00376926729
100 6.34184090823
100 3.79942775655
100 3.0565667211
100 3.58521613079
100 6.7642710253
100 6.71970701558
100 2.52651025566
100 3.4479911682
100 4.6081880491
100 4.55419027264
100 5.67927837595
100 3.81882843645
100 4.24028268362
100 3.10833531772
100 3.04940077188
100 4.78140965112
100 6.20640776834
100 5.94038327361
100 3.96830583867
100 5.0738615183
100 7.50351675391
100 3.8507989753
100 3.96053107757
100 3.23125306707
100 4.67243500849
100 3.92452290051
100 7.24268178342
100 8.65561716132
100 4.03581821917
100 3.08588601704
100 5.52774163872
100 5.61581221981
100 3.41628277532
100 5.75930319552
100 3.92343514231
100 5.85639111496
100 3.62190315054
100 4.09217826085
100 4.35497463055
100 2.73041286375
100 4.73671523921
100 5.42301740989
100 3.82183546805
100 4.48385438954
100 3.92211502137
100 3.26897686473
100 5.57442803801
100 3.55671225102
100 4.27119444254
100 3.96397170987
100 3.99680166892
100 2.51709580776
100 6.07952509475
100 6.69023370552
100 4.30524819664
100 4.0413307974
100 5.37849096459
100 5.28646485037
100 3.47339598355
100 4.19276825724
100 2.86923377744
100 5.35052532925
100 4.56591707874
100 4.47295131745
100 4.08228406167
100 5.02686977396
100 1.83651711267
100 3.7909140497
100 3.33514846386
100 4.46114508944
100 3.86741747347
100 4.2270465929
100 3.18022770927
100 3.24517283018
100 6.51317758146
100 4.71156398367
100 3.28343192079
100 3.19559048264
100 5.66389628374
100 4.84455114337
100 4.29572186043
100 5.15439587235
100 4.88260362968
100 3.36201668158
100 2.71332829849
100 3.97451818832
100 4.01264982823
100 5.06994032978
100 2.81660656557
100 4.33553155652
100 4.92538252463
100 3.87167325362
100 4.25477798726
100 3.87877909977
100 5.52425163605
100 4.93136009668
100 2.91717348668
100 5.03639396363
100 3.75756275021
100 4.77856602474
100 4.40494791635
100 3.91926898013
100 2.32894476476
100 4.88477243814
100 3.49907287262
100 4.13565719554
100 5.99640604048
100 3.75035735835
100 3.8911466475
100 4.35885074177
100 5.65080454771
100 3.68870073385
100 3.5514934802
100 5.01536808605
100 5.31109315556
100 5.6013609202
100 3.16044145746
100 4.67351203399
100 7.51940918556
100 4.83199604187
100 6.1451965505
100 7.73918168665
100 3.55007703335
100 4.31779363871
100 4.12778181548
100 5.56313241776
100 4.25033250681
100 3.28020647894
100 4.45754856481
100 3.93813973343
100 4.53704479936
100 4.28408520893
100 8.05438954114
100 3.44146139922
100 3.82869151082
100 4.83365665743
101 4.05939606227
101 3.68276904406
102 3.32071058011
102 7.16726638616
103 3.88108582331
103 2.39346648102
104 4.86388554891
104 7.22456768481
105 4.36874279441
105 4.59290577092
106 5.57239714463
106 3.05829495261
107 4.85618538001
107 3.66177160811
108 2.74712232147
108 3.58783034591
109 3.13910272195
109 6.44185751063
110 3.57620228057
110 4.03776781243
111 4.80705541538
111 4.40060815289
112 4.05497982839
112 3.60352153961
113 5.71202005863
113 3.94278725679
114 4.30184486044
114 4.94062321364
115 3.60066369242
115 4.19617883801
116 1.5844628247
116 7.24860005735
117 3.98188188736
117 2.86711299777
118 3.44900674905
118 4.81402737122
119 6.9728034478
119 3.81836344263
120 4.60927553898
120 3.35451989718
121 5.94729807787
121 4.5644571645
122 4.73212272089
122 4.24469516105
123 3.67364572039
123 3.26927040382
124 7.14620267585
124 3.8081048686
125 3.54821303331
125 5.39984257933
126 4.76765812293
126 3.12286255112
127 3.11908169253
127 3.6982541701
128 2.91267058632
128 5.02928248282
129 3.83120188716
129 7.31349366134
130 2.8876392686
130 4.00505564465
200 3.20354394303
201 2.24905490878
202 2.84468355257
203 3.41488001265
204 4.48966158013
205 3.34964215761
206 4.07531076425
207 3.64717514885
208 2.75809542437
209 4.17362140548
210 3.38035160531
211 2.98485302884
212 2.8622647731
213 2.98069303795
214 3.19256144903
215 2.19336002561
216 2.91829397958
217 2.85740903554
218 2.56339824504
219 3.91841573122
220 4.6256927992
400 2.85305827107
400 2.392620745
400 2.56267647159
400 2.7100199466
400 3.07289087523
400 2.1527123747
400 2.32893591029
400 2.23279005276
400 2.19946317013
400 2.60920375875
400 2.35286873712
401 3.53067313364
402 3.34619267084
403 2.34310815995
404 2.71231942557
405 2.80454892428
406 2.51639496306
407 2.55409139236
408 2.70229267766
409 3.85465093797
410 2.85749301884
1000 1.53143850328
1000 1.92164908307
1000 2.68909200482
1000 2.12915170391
1000 1.80553505463
1000 1.39874515098
1000 2.37668323604
1000 2.09282315603
1000 2.63968647836
1000 1.4656049839
1000 2.00207020723
1001 2.71001243371
1002 1.89732236648
1003 2.8677287859
1004 2.18749273196
1005 2.06240161275
