300 4.7113219596
300 5.12212321535
300 4.34394644754
300 5.22530000036
300 4.29520055483
300 5.0862277034
3000 4.10747774414
3000 4.04849812969
3000 4.26074339309
3000 4.2357844618
3000 4.30625630362
3000 4.19733271025
4000 4.09674853458
4000 4.07800618952
4000 4.03153639457
4000 4.7601318354
4000 4.1746153027
4000 4.77301919722
5000 4.7355528882
5000 4.45894759823
5000 4.58146464257
5000 4.06814394557
5000 3.98883658691
5000 4.13968484456
6000 4.38592533472
6000 5.1318012209
6000 4.53387459634
6000 4.53413425567
6000 4.03468493893
6000 3.99018368453
7000 4.64881745333
7000 3.90760846056
7000 4.31830358724
7000 4.86739975971
7000 4.50612643123
7000 4.49800197742
8000 4.09386639833
8000 4.35230042217
8000 4.0164820095
8000 4.84309496972
8000 4.51948837112
8000 4.55084285099
9000 3.93026666437
9000 4.42946152489
9000 4.93515760804
9000 4.39369509757
9000 4.47590024005
9000 4.81659207668
