300 1.26545106207
300 1.21795702152
300 1.5986393563
300 1.23033519883
300 0.901541920149
300 1.03700894381
600 1.58973927037
600 1.17731359483
600 1.19853294285
600 1.10652770642
600 1.02346053679
600 1.49418596204
1000 1.62008479521
1000 1.37193807811
1000 1.22667049275
1000 1.21296806878
1000 1.149451182
1000 1.0537393708
2000 0.856487627622
2000 1.64700845234
2000 1.58487981149
2000 1.38002292095
2000 1.21207417238
2000 1.36071278491
3000 1.29532765765
3000 1.08402717668
3000 1.42336777493
3000 1.5562215946
3000 1.45771265626
3000 0.992976845296
3000 1.10770690799
3000 0.982403806385
3000 0.965121310893
3000 1.49001314958
3000 0.92218318127
3000 1.1700595463
4000 0.981069690681
4000 1.37142578485
4000 1.29577654975
4000 1.00995938157
4000 1.60348176864
4000 1.21023284748
4000 1.23898646515
4000 0.906738122873
4000 1.7388566812
4000 0.827649674459
4000 1.19749011356
4000 1.02355294696
5000 0.857165900299
5000 1.11238363997
5000 1.17862348651
5000 1.10961701716
5000 1.5289614927
5000 1.22313767302
5000 1.06393977843
5000 1.34904368367
5000 1.34210125777
5000 0.825745247469
5000 1.38652662286
5000 1.62844148544
6000 1.05273183083
6000 1.10243474351
6000 1.06774623991
6000 2.45879527875
6000 0.975447922693
6000 1.72005495061
6000 1.47724678976
6000 1.15883814091
6000 1.66379600017
6000 1.63883807775
6000 1.22250814745
6000 1.00634013292
7000 1.28199995841
7000 1.202390843
7000 1.09214282291
7000 1.43583417554
