300 8.08573850282
300 0.159461229398
300 3.48235983461
300 0.0191263840301
300 7.82099831147
300 0.0800068920193
300 7.2345888693
300 0.116713569964
300 8.27658791478
300 0.160296482595
300 8.38957154263
300 0.0606641826465
300 7.96557685339
300 0.0973995763943
300 9.56684108403
300 0.0208440103086
300 8.59118575263
300 0.160892033565
300 8.2654712513
300 0.0657858092666
300 6.58921650348
300 0.0496994146464
300 6.24992343561
300 0.0905973807722
300 7.45158202102
300 0.10944757335
300 7.90680736035
300 0.0914140260674
3000 8.33802359088
3000 0.113538016521
3000 5.17875290386
3000 0.0761349765663
3000 4.17961012517
3000 0.0226558235168
3000 5.58376216904
3000 0.0360269215037
3000 8.19267469249
3000 0.130501647235
3000 6.88924122014
3000 0.118641084308
3000 5.693402876
3000 0.120314444164
3000 7.09115959026
3000 0.120026463304
3000 7.32039211899
3000 0.0557292238472
3000 4.89454560511
3000 0.00780609188637
3000 7.10771945616
3000 0.111029388372
3000 6.23604328719
3000 0.110843030053
3000 4.89481870275
3000 0.0522803267543
3000 10.0923365837
3000 0.0646027053269
4000 4.60002329422
4000 0.0137937672129
4000 7.95306622762
4000 0.146924735407
4000 6.88823674141
4000 0.166497265569
4000 6.16283798733
4000 0.0173687677492
4000 4.21494905903
4000 0.0101205675362
4000 6.63474233508
4000 0.0362582067685
4000 5.9516422259
4000 0.113396773871
4000 7.11548447201
4000 0.12701305077
4000 6.82086892256
4000 0.119738931601
4000 6.55265770846
4000 0.123066586706
4000 5.71329930751
4000 0.00821390687419
4000 6.28468999141
4000 0.00505067314573
4000 8.07236905882
4000 0.0255284456134
4000 4.85734425384
4000 0.0174027866158
5000 8.21900563297
5000 0.0575450681383
5000 5.08516450827
5000 0.0616720665877
5000 5.436606208
5000 0.114303941132
5000 5.41303169811
5000 0.0403640835517
5000 5.90664893771
5000 0.123678813073
5000 7.88117953093
5000 0.049670181747
5000 5.58485210834
5000 0.001140473729
5000 6.36577579508
5000 0.0808557067143
5000 6.56895170486
5000 0.10557845097
5000 6.85571851066
5000 0.137881933351
5000 4.18283267499
5000 0.0121733172066
5000 6.5331432696
5000 0.0361219199342
5000 7.35765985569
5000 0.136330932712
5000 4.18911614423
5000 0.0481960132447
6000 5.78057754024
6000 0.00253244664055
6000 4.40892044127
6000 0.00364277594722
6000 6.44314877987
6000 0.136127423419
6000 4.03622449633
6000 0.016800460558
6000 4.90881667051
6000 7.86155513235e-05
6000 7.58655184572
6000 0.135196337645
6000 6.94676765108
6000 0.157037899414
6000 7.09492715401
6000 0.0755578070319
6000 3.45620744291
6000 0.0143085455495
6000 5.7612154769
6000 0.114985862204
6000 3.92939501183
6000 0.030031082102
6000 8.75979874917
6000 0.111363541737
6000 6.20238217299
6000 0.0245704406607
6000 6.79077948032
6000 0.107051770227
7000 9.03526527566
7000 0.109651561994
7000 5.24383710429
7000 0.0125566588414
7000 5.62837127557
7000 0.093893942188
7000 6.25360119484
7000 0.090366306875
7000 4.10589240242
7000 0.0765903643706
7000 6.18875033889
7000 0.110768488991
7000 5.63005852466
7000 0.0141635586722
7000 4.89039478044
7000 0.00403377965888
7000 6.20806197752
7000 0.112311042473
7000 6.98683548904
7000 0.0919393614627
7000 6.48281305931
7000 0.0530730610853
7000 4.5065423933
7000 0.0130568150666
7000 5.7140037082
7000 0.00806299415419
7000 6.89051094296
7000 0.112402153249
8000 7.06629086654
8000 0.14091665178
8000 5.91995770075
8000 0.103980666368
8000 6.99772066037
8000 0.116304498093
8000 5.46070176775
8000 0.000102043389481
8000 8.30269911292
8000 0.02625089643
8000 6.44353783368
8000 0.136651467962
8000 3.42466866292
8000 0.0660711518052
8000 5.84700939693
8000 0.100063733382
8000 6.35001788805
8000 0.0422631274298
8000 3.86008352911
8000 0.0141252822574
8000 4.48309108125
8000 0.0890046086034
8000 5.41968361045
8000 0.0037112703856
8000 4.83630250431
8000 0.00934089648014
8000 6.42343627678
8000 0.0288757616836
9000 3.63013269109
9000 0.0756671331689
9000 6.33671711865
9000 0.0442092723216
9000 4.14070704062
9000 0.0178167161675
9000 5.76190049765
9000 0.109733784006
9000 5.26047282876
9000 0.0538472516804
9000 6.87600544433
9000 0.0666848200015
9000 5.41204285327
9000 0.0361219199342
9000 4.33871969384
9000 0.00571673787007
9000 3.99950358342
9000 0.030031082102
9000 5.246310625
9000 0.0812718065587
9000 3.56096751067
9000 0.0357207101852
9000 5.0913018758
9000 0.0791262853667
9000 5.20675057742
9000 0.0899066841691
9000 7.60437682521
9000 0.127862563733
10000 7.9117991528
10000 0.149315209046
10000 6.4632401661
10000 0.150373236186
10000 5.14831579131
10000 0.00711752783171
10000 5.42661734318
10000 0.0933099334007
10000 4.41600927043
10000 0.0796696926951
10000 5.79995067422
10000 0.123472790015
10000 7.77267087604
10000 0.100856395999
10000 6.44195434178
10000 0.0216844797562
10000 6.6075633951
10000 0.0462468072965
10000 6.12899907704
10000 0.0191483587157
20000 6.21342302846
20000 0.119137953011
20000 4.5406112179
20000 0.0749326645923
20000 5.55518153851
20000 0.0697518097401
20000 6.16209807428
20000 0.0367200979022
30000 6.53788092709
30000 0.099630082475
30000 6.02411750298
30000 0.12558857631
30000 6.77352691413
30000 0.0363138945926
30000 4.4657800251
30000 0.104335688514
10000 7.9117991528
10000 0.149315209046
10000 6.4632401661
10000 0.150373236186
10000 5.14831579131
10000 0.00711752783171
10000 5.42661734318
10000 0.0933099334007
10000 4.41600927043
10000 0.0796696926951
10000 5.79995067422
10000 0.123472790015
10000 7.77267087604
10000 0.100856395999
10000 6.44195434178
10000 0.0216844797562
10000 6.6075633951
10000 0.0462468072965
10000 6.12899907704
10000 0.0191483587157
